,GPS LATITUDE (degrees),GPS LONGITUDE (degrees), GPS ALTITUDE (m),GPS SPEED (Kmh),GPS ACCURACY (m),GPS ORIENTATION (Â°), SATELLITES IN RANGE, TIME SINCE START (ms), DATE (YYYY-MO-DD HH-MI-SS_SSS),ACCELEROMETER X (m/s²) , ACCELEROMETER Y (m/s²), ACCELEROMETER Z (m/s²), GRAVITY X (m/s²), GRAVITY Y (m/s²), GRAVITY Z (m/s²), GYROSCOPE Yaw (rad/s), GYROSCOPE Pitch (rad/s), GYROSCOPE Roll (rad/s)
29201,46.87488,-1.28364,125.11,4.25,13.936001,354.1,0 / 23,1548150,2019-08-12 13:45:33:586,-1.826,-0.2878,9.6832,-3.0242,-0.186,9.3268,-0.0176,-0.0072,0.0725
29202,46.87488,-1.28364,125.11,4.25,13.936001,354.1,0 / 23,1548150,2019-08-12 13:45:33:586,-1.826,-0.2878,9.6832,-3.0242,-0.186,9.3268,-0.0176,-0.0072,0.0725
29203,46.87488,-1.28364,125.11,4.25,13.936001,354.1,0 / 23,1548151,2019-08-12 13:45:33:587,-1.826,-0.2878,9.6832,-3.0242,-0.186,9.3268,-0.0176,-0.0072,0.0725
29204,46.87488,-1.28364,125.11,4.25,13.936001,354.1,0 / 23,1548164,2019-08-12 13:45:33:600,-1.826,-0.2878,9.6832,-3.0242,-0.186,9.3268,-0.0176,-0.0072,0.0725
29205,46.87488,-1.28364,125.11,4.25,13.936001,354.1,0 / 23,1548165,2019-08-12 13:45:33:601,-1.826,-0.2878,9.6832,-3.0242,-0.186,9.3268,-0.0176,-0.0072,0.0725
29206,46.87488,-1.28364,125.11,4.25,13.936001,354.1,0 / 23,1548165,2019-08-12 13:45:33:601,-1.826,-0.2878,9.6832,-3.0242,-0.186,9.3268,-0.0176,-0.0072,0.0725
29207,46.875057,-1.284103,128.52,5.67,26.8,285.1,0 / 23,1548187,2019-08-12 13:45:33:623,-1.826,-0.2878,9.6832,-3.0242,-0.186,9.3268,-0.0176,-0.0072,0.0725
29208,46.875057,-1.284103,128.52,5.67,26.8,285.1,0 / 23,1548287,2019-08-12 13:45:33:723,-1.826,-0.2878,9.6832,-3.0242,-0.186,9.3268,-0.0176,-0.0072,0.0725
29209,46.875057,-1.284103,128.52,5.67,26.8,285.1,0 / 23,1548615,2019-08-12 13:45:34:051,-1.826,-0.2878,9.6832,-3.0242,-0.186,9.3268,-0.0176,-0.0072,0.0725
29210,46.875057,-1.284103,128.52,5.67,26.8,285.1,0 / 23,1548616,2019-08-12 13:45:34:052,-1.826,-0.2878,9.6832,-3.0242,-0.186,9.3268,-0.0176,-0.0072,0.0725
29211,46.875057,-1.284103,128.52,5.67,26.8,285.1,0 / 23,1548617,2019-08-12 13:45:34:053,-1.826,-0.2878,9.6832,-3.0242,-0.186,9.3268,-0.0176,-0.0072,0.0725
29212,46.875057,-1.284103,128.52,5.67,26.8,285.1,0 / 23,1548617,2019-08-12 13:45:34:053,-1.826,-0.2878,9.6832,-3.0242,-0.186,9.3268,-0.0176,-0.0072,0.0725
29213,46.875057,-1.284103,128.52,5.67,26.8,285.1,0 / 23,1548618,2019-08-12 13:45:34:054,-1.826,-0.2878,9.6832,-3.0242,-0.186,9.3268,-0.0176,-0.0072,0.0725
29214,46.875057,-1.284103,128.52,5.67,26.8,285.1,0 / 23,1548618,2019-08-12 13:45:34:054,-1.826,-0.2878,9.6832,-3.0242,-0.186,9.3268,-0.0176,-0.0072,0.0725
29215,46.875057,-1.284103,128.52,5.67,26.8,285.1,0 / 23,1548618,2019-08-12 13:45:34:054,-1.826,-0.2878,9.6832,-3.0242,-0.186,9.3268,-0.0176,-0.0072,0.0725
29216,46.875057,-1.284103,128.52,5.67,26.8,285.1,0 / 23,1548619,2019-08-12 13:45:34:055,-1.826,-0.2878,9.6832,-3.0242,-0.186,9.3268,-0.0176,-0.0072,0.0725
29217,46.875057,-1.284103,128.52,5.67,26.8,285.1,0 / 23,1548619,2019-08-12 13:45:34:055,-1.826,-0.2878,9.6832,-3.0242,-0.186,9.3268,-0.0176,-0.0072,0.0725
29218,46.875057,-1.284103,128.52,5.67,26.8,285.1,0 / 23,1548619,2019-08-12 13:45:34:055,-1.826,-0.2878,9.6832,-3.0242,-0.186,9.3268,-0.0176,-0.0072,0.0725
29219,46.875057,-1.284103,128.52,5.67,26.8,285.1,0 / 23,1548620,2019-08-12 13:45:34:056,-1.826,-0.2878,9.6832,-3.0242,-0.186,9.3268,-0.0176,-0.0072,0.0725
29220,46.875057,-1.284103,128.52,5.67,26.8,285.1,0 / 23,1548620,2019-08-12 13:45:34:056,-1.826,-0.2878,9.6832,-3.0242,-0.186,9.3268,-0.0176,-0.0072,0.0725
29221,46.875057,-1.284103,128.52,5.67,26.8,285.1,0 / 23,1548620,2019-08-12 13:45:34:056,-1.826,-0.2878,9.6832,-3.0242,-0.186,9.3268,-0.0176,-0.0072,0.0725
29222,46.875057,-1.284103,128.52,5.67,26.8,285.1,0 / 23,1548621,2019-08-12 13:45:34:057,-1.826,-0.2878,9.6832,-3.0242,-0.186,9.3268,-0.0176,-0.0072,0.0725
29223,46.875057,-1.284103,128.52,5.67,26.8,285.1,0 / 23,1548622,2019-08-12 13:45:34:058,-1.826,-0.2878,9.6832,-3.0242,-0.186,9.3268,-0.0176,-0.0072,0.0725
29224,46.875057,-1.284103,128.52,5.67,26.8,285.1,0 / 23,1548622,2019-08-12 13:45:34:058,-1.826,-0.2878,9.6832,-3.0242,-0.186,9.3268,-0.0176,-0.0072,0.0725
29225,46.875057,-1.284103,128.52,5.67,26.8,285.1,0 / 23,1548623,2019-08-12 13:45:34:059,-1.826,-0.2878,9.6832,-3.0242,-0.186,9.3268,-0.0176,-0.0072,0.0725
29226,46.875057,-1.284103,128.52,5.67,26.8,285.1,0 / 23,1548623,2019-08-12 13:45:34:059,-1.826,-0.2878,9.6832,-3.0242,-0.186,9.3268,-0.0176,-0.0072,0.0725
29227,46.875057,-1.284103,128.52,5.67,26.8,285.1,0 / 23,1548624,2019-08-12 13:45:34:060,-1.826,-0.2878,9.6832,-3.0242,-0.186,9.3268,-0.0176,-0.0072,0.0725
29228,46.875057,-1.284103,128.52,5.67,26.8,285.1,0 / 23,1548624,2019-08-12 13:45:34:060,-1.826,-0.2878,9.6832,-3.0242,-0.186,9.3268,-0.0176,-0.0072,0.0725
29229,46.875057,-1.284103,128.52,5.67,26.8,285.1,0 / 23,1548625,2019-08-12 13:45:34:061,-1.826,-0.2878,9.6832,-3.0242,-0.186,9.3268,-0.0176,-0.0072,0.0725
29230,46.875057,-1.284103,128.52,5.67,26.8,285.1,0 / 23,1548626,2019-08-12 13:45:34:062,-1.826,-0.2878,9.6832,-3.0242,-0.186,9.3268,-0.0176,-0.0072,0.0725
29231,46.875057,-1.284103,128.52,5.67,26.8,285.1,0 / 23,1548627,2019-08-12 13:45:34:063,-1.826,-0.2878,9.6832,-3.0242,-0.186,9.3268,-0.0176,-0.0072,0.0725
29232,46.875057,-1.284103,128.52,5.67,26.8,285.1,0 / 23,1548628,2019-08-12 13:45:34:064,-1.826,-0.2878,9.6832,-3.0242,-0.186,9.3268,-0.0176,-0.0072,0.0725
29233,46.875057,-1.284103,128.52,5.67,26.8,285.1,0 / 23,1548629,2019-08-12 13:45:34:065,-1.826,-0.2878,9.6832,-3.0242,-0.186,9.3268,-0.0176,-0.0072,0.0725
29234,46.875057,-1.284103,128.52,5.67,26.8,285.1,0 / 23,1548629,2019-08-12 13:45:34:065,-1.826,-0.2878,9.6832,-3.0242,-0.186,9.3268,-0.0176,-0.0072,0.0725
29235,46.875057,-1.284103,128.52,5.67,26.8,285.1,0 / 23,1548630,2019-08-12 13:45:34:066,-1.826,-0.2878,9.6832,-3.0242,-0.186,9.3268,-0.0176,-0.0072,0.0725
29236,46.875057,-1.284103,128.52,5.67,26.8,285.1,0 / 23,1548631,2019-08-12 13:45:34:067,-1.826,-0.2878,9.6832,-3.0242,-0.186,9.3268,-0.0176,-0.0072,0.0725
29237,46.875057,-1.284103,128.52,5.67,26.8,285.1,0 / 23,1548632,2019-08-12 13:45:34:068,-1.826,-0.2878,9.6832,-3.0242,-0.186,9.3268,-0.0176,-0.0072,0.0725
29238,46.875057,-1.284103,128.52,5.67,26.8,285.1,0 / 23,1548632,2019-08-12 13:45:34:068,-1.826,-0.2878,9.6832,-3.0242,-0.186,9.3268,-0.0176,-0.0072,0.0725
29239,46.875057,-1.284103,128.52,5.67,26.8,285.1,0 / 23,1548633,2019-08-12 13:45:34:069,-1.826,-0.2878,9.6832,-3.0242,-0.186,9.3268,-0.0176,-0.0072,0.0725
29240,46.875057,-1.284103,128.52,5.67,26.8,285.1,0 / 23,1548633,2019-08-12 13:45:34:069,-1.826,-0.2878,9.6832,-3.0242,-0.186,9.3268,-0.0176,-0.0072,0.0725
29241,46.875057,-1.284103,128.52,5.67,26.8,285.1,0 / 23,1548634,2019-08-12 13:45:34:070,-1.826,-0.2878,9.6832,-3.0242,-0.186,9.3268,-0.0176,-0.0072,0.0725
29242,46.875057,-1.284103,128.52,5.67,26.8,285.1,0 / 23,1548634,2019-08-12 13:45:34:070,-1.826,-0.2878,9.6832,-3.0242,-0.186,9.3268,-0.0176,-0.0072,0.0725
29243,46.875057,-1.284103,128.52,5.67,26.8,285.1,0 / 23,1548634,2019-08-12 13:45:34:070,-1.826,-0.2878,9.6832,-3.0242,-0.186,9.3268,-0.0176,-0.0072,0.0725
29244,46.875057,-1.284103,128.52,5.67,26.8,285.1,0 / 23,1548635,2019-08-12 13:45:34:071,-1.826,-0.2878,9.6832,-3.0242,-0.186,9.3268,-0.0176,-0.0072,0.0725
29245,46.875057,-1.284103,128.52,5.67,26.8,285.1,0 / 23,1548635,2019-08-12 13:45:34:071,-1.826,-0.2878,9.6832,-3.0242,-0.186,9.3268,-0.0176,-0.0072,0.0725
29246,46.875057,-1.284103,128.52,5.67,26.8,285.1,0 / 23,1548635,2019-08-12 13:45:34:071,-1.826,-0.2878,9.6832,-3.0242,-0.186,9.3268,-0.0176,-0.0072,0.0725
29247,46.875057,-1.284103,128.52,5.67,26.8,285.1,0 / 23,1548636,2019-08-12 13:45:34:072,-1.826,-0.2878,9.6832,-3.0242,-0.186,9.3268,-0.0176,-0.0072,0.0725
29248,46.875057,-1.284103,128.52,5.67,26.8,285.1,0 / 23,1548637,2019-08-12 13:45:34:073,-1.826,-0.2878,9.6832,-3.0242,-0.186,9.3268,-0.0176,-0.0072,0.0725
29249,46.875057,-1.284103,128.52,5.67,26.8,285.1,0 / 23,1548638,2019-08-12 13:45:34:074,-1.826,-0.2878,9.6832,-3.0242,-0.186,9.3268,-0.0176,-0.0072,0.0725
29250,46.875057,-1.284103,128.52,5.67,26.8,285.1,0 / 23,1548639,2019-08-12 13:45:34:075,-1.826,-0.2878,9.6832,-3.0242,-0.186,9.3268,-0.0176,-0.0072,0.0725
29251,46.875057,-1.284103,128.52,5.67,26.8,285.1,0 / 23,1548641,2019-08-12 13:45:34:077,-1.826,-0.2878,9.6832,-3.0242,-0.186,9.3268,-0.0176,-0.0072,0.0725
29252,46.875057,-1.284103,128.52,5.67,26.8,285.1,0 / 23,1548642,2019-08-12 13:45:34:078,-1.826,-0.2878,9.6832,-3.0242,-0.186,9.3268,-0.0176,-0.0072,0.0725
29253,46.875057,-1.284103,128.52,5.67,26.8,285.1,0 / 23,1548642,2019-08-12 13:45:34:078,-1.826,-0.2878,9.6832,-3.0242,-0.186,9.3268,-0.0176,-0.0072,0.0725
29254,46.875057,-1.284103,128.52,5.67,26.8,285.1,0 / 23,1548643,2019-08-12 13:45:34:079,-1.826,-0.2878,9.6832,-3.0242,-0.186,9.3268,-0.0176,-0.0072,0.0725
29255,46.875057,-1.284103,128.52,5.67,26.8,285.1,0 / 23,1548643,2019-08-12 13:45:34:079,-1.826,-0.2878,9.6832,-3.0242,-0.186,9.3268,-0.0176,-0.0072,0.0725
29256,46.875057,-1.284103,128.52,5.67,26.8,285.1,0 / 23,1548643,2019-08-12 13:45:34:079,-1.826,-0.2878,9.6832,-3.0242,-0.186,9.3268,-0.0176,-0.0072,0.0725
29257,46.875057,-1.284103,128.52,5.67,26.8,285.1,0 / 23,1548644,2019-08-12 13:45:34:080,-1.826,-0.2878,9.6832,-3.0242,-0.186,9.3268,-0.0176,-0.0072,0.0725
29258,46.875057,-1.284103,128.52,5.67,26.8,285.1,0 / 23,1548644,2019-08-12 13:45:34:080,-1.826,-0.2878,9.6832,-3.0242,-0.186,9.3268,-0.0176,-0.0072,0.0725
29259,46.875057,-1.284103,128.52,5.67,26.8,285.1,0 / 23,1548645,2019-08-12 13:45:34:081,-1.826,-0.2878,9.6832,-3.0242,-0.186,9.3268,-0.0176,-0.0072,0.0725
29260,46.875057,-1.284103,128.52,5.67,26.8,285.1,0 / 23,1548645,2019-08-12 13:45:34:081,-1.826,-0.2878,9.6832,-3.0242,-0.186,9.3268,-0.0176,-0.0072,0.0725
29261,46.875057,-1.284103,128.52,5.67,26.8,285.1,0 / 23,1548645,2019-08-12 13:45:34:081,-1.826,-0.2878,9.6832,-3.0242,-0.186,9.3268,-0.0176,-0.0072,0.0725
29262,46.875057,-1.284103,128.52,5.67,26.8,285.1,0 / 23,1548646,2019-08-12 13:45:34:082,-1.826,-0.2878,9.6832,-3.0242,-0.186,9.3268,-0.0176,-0.0072,0.0725
29263,46.875057,-1.284103,128.52,5.67,26.8,285.1,0 / 23,1548646,2019-08-12 13:45:34:082,-1.826,-0.2878,9.6832,-3.0242,-0.186,9.3268,-0.0176,-0.0072,0.0725
29264,46.875057,-1.284103,128.52,5.67,26.8,285.1,0 / 23,1548646,2019-08-12 13:45:34:082,-1.826,-0.2878,9.6832,-3.0242,-0.186,9.3268,-0.0176,-0.0072,0.0725
29265,46.875057,-1.284103,128.52,5.67,26.8,285.1,0 / 23,1548647,2019-08-12 13:45:34:083,-1.826,-0.2878,9.6832,-3.0242,-0.186,9.3268,-0.0176,-0.0072,0.0725
29266,46.875057,-1.284103,128.52,5.67,26.8,285.1,0 / 23,1548647,2019-08-12 13:45:34:083,-1.826,-0.2878,9.6832,-3.0242,-0.186,9.3268,-0.0176,-0.0072,0.0725
29267,46.875057,-1.284103,128.52,5.67,26.8,285.1,0 / 23,1548664,2019-08-12 13:45:34:100,-1.826,-0.2878,9.6832,-3.0242,-0.186,9.3268,-0.0176,-0.0072,0.0725
29268,46.875057,-1.284103,128.52,5.67,26.8,285.1,0 / 23,1548764,2019-08-12 13:45:34:200,-1.826,-0.2878,9.6832,-3.0242,-0.186,9.3268,-0.0176,-0.0072,0.0725
29269,46.875057,-1.284103,128.52,5.67,26.8,285.1,Nov-23,1549092,2019-08-12 13:45:34:528,-1.826,-0.2878,9.6832,-3.0242,-0.186,9.3268,-0.0176,-0.0072,0.0725
29270,46.875057,-1.284103,128.52,5.67,26.8,285.1,Nov-23,1549092,2019-08-12 13:45:34:528,-1.826,-0.2878,9.6832,-3.0242,-0.186,9.3268,-0.0176,-0.0072,0.0725
29271,46.875057,-1.284103,128.52,5.67,26.8,285.1,Nov-23,1549093,2019-08-12 13:45:34:529,-1.826,-0.2878,9.6832,-3.0242,-0.186,9.3268,-0.0176,-0.0072,0.0725
29272,46.875057,-1.284103,128.52,5.67,26.8,285.1,Nov-23,1549093,2019-08-12 13:45:34:529,-1.826,-0.2878,9.6832,-3.0242,-0.186,9.3268,-0.0176,-0.0072,0.0725
29273,46.875057,-1.284103,128.52,5.67,26.8,285.1,Nov-23,1549094,2019-08-12 13:45:34:530,-1.826,-0.2878,9.6832,-3.0242,-0.186,9.3268,-0.0176,-0.0072,0.0725
29274,46.875057,-1.284103,128.52,5.67,26.8,285.1,Nov-23,1549094,2019-08-12 13:45:34:530,-1.826,-0.2878,9.6832,-3.0242,-0.186,9.3268,-0.0176,-0.0072,0.0725
29275,46.875057,-1.284103,128.52,5.67,26.8,285.1,Nov-23,1549094,2019-08-12 13:45:34:530,-1.826,-0.2878,9.6832,-3.0242,-0.186,9.3268,-0.0176,-0.0072,0.0725
29276,46.875057,-1.284103,128.52,5.67,26.8,285.1,Nov-23,1549095,2019-08-12 13:45:34:531,-1.826,-0.2878,9.6832,-3.0242,-0.186,9.3268,-0.0176,-0.0072,0.0725
29277,46.875057,-1.284103,128.52,5.67,26.8,285.1,Nov-23,1549133,2019-08-12 13:45:34:569,-1.826,-0.2878,9.6832,-3.0242,-0.186,9.3268,-0.0176,-0.0072,0.0725
29278,46.875057,-1.284103,128.52,5.67,26.8,285.1,Nov-23,1549233,2019-08-12 13:45:34:669,-1.826,-0.2878,9.6832,-3.0242,-0.186,9.3268,-0.0176,-0.0072,0.0725
29279,46.875057,-1.284103,128.52,5.67,26.8,285.1,0 / 23,1549546,2019-08-12 13:45:34:982,-1.826,-0.2878,9.6832,-3.0242,-0.186,9.3268,-0.0176,-0.0072,0.0725
29280,46.875057,-1.284103,128.52,5.67,26.8,285.1,0 / 23,1549546,2019-08-12 13:45:34:982,-1.826,-0.2878,9.6832,-3.0242,-0.186,9.3268,-0.0176,-0.0072,0.0725
29281,46.875057,-1.284103,128.52,5.67,26.8,285.1,0 / 23,1549547,2019-08-12 13:45:34:983,-1.826,-0.2878,9.6832,-3.0242,-0.186,9.3268,-0.0176,-0.0072,0.0725
29282,46.875057,-1.284103,128.52,5.67,26.8,285.1,0 / 23,1549547,2019-08-12 13:45:34:983,-1.826,-0.2878,9.6832,-3.0242,-0.186,9.3268,-0.0176,-0.0072,0.0725
29283,46.875057,-1.284103,128.52,5.67,26.8,285.1,0 / 23,1549548,2019-08-12 13:45:34:984,-1.826,-0.2878,9.6832,-3.0242,-0.186,9.3268,-0.0176,-0.0072,0.0725
29284,46.875057,-1.284103,128.52,5.67,26.8,285.1,0 / 23,1549548,2019-08-12 13:45:34:984,-1.826,-0.2878,9.6832,-3.0242,-0.186,9.3268,-0.0176,-0.0072,0.0725
29285,46.875057,-1.284103,128.52,5.67,26.8,285.1,0 / 23,1549549,2019-08-12 13:45:34:985,-1.826,-0.2878,9.6832,-3.0242,-0.186,9.3268,-0.0176,-0.0072,0.0725
29286,46.875057,-1.284103,128.52,5.67,26.8,285.1,0 / 23,1549549,2019-08-12 13:45:34:985,-1.826,-0.2878,9.6832,-3.0242,-0.186,9.3268,-0.0176,-0.0072,0.0725
29287,46.875057,-1.284103,128.52,5.67,26.8,285.1,0 / 23,1549587,2019-08-12 13:45:35:023,-1.826,-0.2878,9.6832,-3.0242,-0.186,9.3268,-0.0176,-0.0072,0.0725
29288,46.875057,-1.284103,128.52,5.67,26.8,285.1,0 / 23,1549687,2019-08-12 13:45:35:123,-1.826,-0.2878,9.6832,-3.0242,-0.186,9.3268,-0.0176,-0.0072,0.0725
29289,46.875057,-1.284103,128.52,5.67,26.8,285.1,0 / 23,1550011,2019-08-12 13:45:35:447,-1.826,-0.2878,9.6832,-3.0242,-0.186,9.3268,-0.0176,-0.0072,0.0725
29290,46.875057,-1.284103,128.52,5.67,26.8,285.1,0 / 23,1550012,2019-08-12 13:45:35:448,-1.826,-0.2878,9.6832,-3.0242,-0.186,9.3268,-0.0176,-0.0072,0.0725
29291,46.875057,-1.284103,128.52,5.67,26.8,285.1,0 / 23,1550012,2019-08-12 13:45:35:448,-1.826,-0.2878,9.6832,-3.0242,-0.186,9.3268,-0.0176,-0.0072,0.0725
29292,46.875057,-1.284103,128.52,5.67,26.8,285.1,0 / 23,1550012,2019-08-12 13:45:35:448,-1.826,-0.2878,9.6832,-3.0242,-0.186,9.3268,-0.0176,-0.0072,0.0725
29293,46.875057,-1.284103,128.52,5.67,26.8,285.1,0 / 23,1550013,2019-08-12 13:45:35:449,-1.826,-0.2878,9.6832,-3.0242,-0.186,9.3268,-0.0176,-0.0072,0.0725
29294,46.875057,-1.284103,128.52,5.67,26.8,285.1,0 / 23,1550013,2019-08-12 13:45:35:449,-1.826,-0.2878,9.6832,-3.0242,-0.186,9.3268,-0.0176,-0.0072,0.0725
29295,46.875057,-1.284103,128.52,5.67,26.8,285.1,0 / 23,1550014,2019-08-12 13:45:35:450,-1.826,-0.2878,9.6832,-3.0242,-0.186,9.3268,-0.0176,-0.0072,0.0725
29296,46.875057,-1.284103,128.52,5.67,26.8,285.1,0 / 23,1550014,2019-08-12 13:45:35:450,-1.826,-0.2878,9.6832,-3.0242,-0.186,9.3268,-0.0176,-0.0072,0.0725
29297,46.875057,-1.284103,128.52,5.67,26.8,285.1,0 / 23,1550050,2019-08-12 13:45:35:486,-1.826,-0.2878,9.6832,-3.0242,-0.186,9.3268,-0.0176,-0.0072,0.0725
29298,46.875057,-1.284103,128.52,5.67,26.8,285.1,0 / 23,1550150,2019-08-12 13:45:35:586,-1.826,-0.2878,9.6832,-3.0242,-0.186,9.3268,-0.0176,-0.0072,0.0725
29299,46.875057,-1.284103,128.52,5.67,26.8,285.1,0 / 23,1550481,2019-08-12 13:45:35:917,-1.826,-0.2878,9.6832,-3.0242,-0.186,9.3268,-0.0176,-0.0072,0.0725
29300,46.875057,-1.284103,128.52,5.67,26.8,285.1,0 / 23,1550487,2019-08-12 13:45:35:923,-1.826,-0.2878,9.6832,-3.0242,-0.186,9.3268,-0.0176,-0.0072,0.0725
29301,46.875057,-1.284103,128.52,5.67,26.8,285.1,0 / 23,1550488,2019-08-12 13:45:35:924,-1.826,-0.2878,9.6832,-3.0242,-0.186,9.3268,-0.0176,-0.0072,0.0725
29302,46.875057,-1.284103,128.52,5.67,26.8,285.1,0 / 23,1550488,2019-08-12 13:45:35:924,-1.826,-0.2878,9.6832,-3.0242,-0.186,9.3268,-0.0176,-0.0072,0.0725
29303,46.875057,-1.284103,128.52,5.67,26.8,285.1,0 / 23,1550489,2019-08-12 13:45:35:925,-1.826,-0.2878,9.6832,-3.0242,-0.186,9.3268,-0.0176,-0.0072,0.0725
29304,46.875057,-1.284103,128.52,5.67,26.8,285.1,0 / 23,1550489,2019-08-12 13:45:35:925,-1.826,-0.2878,9.6832,-3.0242,-0.186,9.3268,-0.0176,-0.0072,0.0725
29305,46.875057,-1.284103,128.52,5.67,26.8,285.1,0 / 23,1550489,2019-08-12 13:45:35:925,-1.826,-0.2878,9.6832,-3.0242,-0.186,9.3268,-0.0176,-0.0072,0.0725
29306,46.875057,-1.284103,128.52,5.67,26.8,285.1,0 / 23,1550489,2019-08-12 13:45:35:925,-1.826,-0.2878,9.6832,-3.0242,-0.186,9.3268,-0.0176,-0.0072,0.0725
29307,46.875675,-1.285356,118.03,10.25,33.232002,294.3,0 / 23,1550517,2019-08-12 13:45:35:953,-1.826,-0.2878,9.6832,-3.0242,-0.186,9.3268,-0.0176,-0.0072,0.0725
29308,46.875675,-1.285356,118.03,10.25,33.232002,294.3,0 / 23,1550617,2019-08-12 13:45:36:053,-1.826,-0.2878,9.6832,-3.0242,-0.186,9.3268,-0.0176,-0.0072,0.0725
29309,46.875675,-1.285356,118.03,10.25,33.232002,294.3,0 / 23,1550716,2019-08-12 13:45:36:152,-1.9732,-0.5452,9.6113,-0.6509,-0.4344,9.7754,-0.0474,-0.0477,0.2131
29310,46.875675,-1.285356,118.03,10.25,33.232002,294.3,0 / 23,1550816,2019-08-12 13:45:36:252,-0.5211,-0.8193,9.84,-0.6366,-0.4617,9.7751,-0.0037,-0.0115,-0.0543
29311,46.875675,-1.285356,118.03,10.25,33.232002,294.3,0 / 23,1550916,2019-08-12 13:45:36:352,-0.3858,-1.1042,9.4342,-0.6117,-0.4662,9.7764,0.0186,-0.0083,-0.0596
29312,46.875675,-1.285356,118.03,10.25,33.232002,294.3,0 / 23,1551017,2019-08-12 13:45:36:453,-0.3858,-1.1042,9.4342,-0.6117,-0.4662,9.7764,0.0186,-0.0083,-0.0596
29313,46.875675,-1.285356,118.03,10.25,33.232002,294.3,0 / 23,1551117,2019-08-12 13:45:36:553,-0.3858,-1.1042,9.4342,-0.6117,-0.4662,9.7764,0.0186,-0.0083,-0.0596
29314,46.875675,-1.285356,118.03,10.25,33.232002,294.3,0 / 23,1551217,2019-08-12 13:45:36:653,-0.0686,-1.3975,10.1991,-0.5249,-0.572,9.7759,-0.0059,-0.0136,-0.0916
29315,46.875675,-1.285356,118.03,10.25,33.232002,294.3,0 / 23,1551549,2019-08-12 13:45:36:985,-0.0686,-1.3975,10.1991,-0.5249,-0.572,9.7759,-0.0059,-0.0136,-0.0916
29316,46.875675,-1.285356,118.03,10.25,33.232002,294.3,0 / 23,1551550,2019-08-12 13:45:36:986,-0.0686,-1.3975,10.1991,-0.5249,-0.572,9.7759,-0.0059,-0.0136,-0.0916
29317,46.875675,-1.285356,118.03,10.25,33.232002,294.3,0 / 23,1551551,2019-08-12 13:45:36:987,-0.0686,-1.3975,10.1991,-0.5249,-0.572,9.7759,-0.0059,-0.0136,-0.0916
29318,46.875675,-1.285356,118.03,10.25,33.232002,294.3,0 / 23,1551551,2019-08-12 13:45:36:987,-0.0686,-1.3975,10.1991,-0.5249,-0.572,9.7759,-0.0059,-0.0136,-0.0916
29319,46.875675,-1.285356,118.03,10.25,33.232002,294.3,0 / 23,1551552,2019-08-12 13:45:36:988,-0.0686,-1.3975,10.1991,-0.5249,-0.572,9.7759,-0.0059,-0.0136,-0.0916
29320,46.875675,-1.285356,118.03,10.25,33.232002,294.3,0 / 23,1551552,2019-08-12 13:45:36:988,-0.0686,-1.3975,10.1991,-0.5249,-0.572,9.7759,-0.0059,-0.0136,-0.0916
29321,46.875675,-1.285356,118.03,10.25,33.232002,294.3,0 / 23,1551552,2019-08-12 13:45:36:988,-0.0686,-1.3975,10.1991,-0.5249,-0.572,9.7759,-0.0059,-0.0136,-0.0916
29322,46.875675,-1.285356,118.03,10.25,33.232002,294.3,0 / 23,1551553,2019-08-12 13:45:36:989,-0.0686,-1.3975,10.1991,-0.5249,-0.572,9.7759,-0.0059,-0.0136,-0.0916
29323,46.875675,-1.285356,118.03,10.25,33.232002,294.3,0 / 23,1551553,2019-08-12 13:45:36:989,-0.0686,-1.3975,10.1991,-0.5249,-0.572,9.7759,-0.0059,-0.0136,-0.0916
29324,46.875675,-1.285356,118.03,10.25,33.232002,294.3,0 / 23,1551553,2019-08-12 13:45:36:989,-0.0686,-1.3975,10.1991,-0.5249,-0.572,9.7759,-0.0059,-0.0136,-0.0916
29325,46.875675,-1.285356,118.03,10.25,33.232002,294.3,0 / 23,1551554,2019-08-12 13:45:36:990,-0.0686,-1.3975,10.1991,-0.5249,-0.572,9.7759,-0.0059,-0.0136,-0.0916
29326,46.875675,-1.285356,118.03,10.25,33.232002,294.3,0 / 23,1551554,2019-08-12 13:45:36:990,-0.0686,-1.3975,10.1991,-0.5249,-0.572,9.7759,-0.0059,-0.0136,-0.0916
29327,46.875675,-1.285356,118.03,10.25,33.232002,294.3,0 / 23,1551557,2019-08-12 13:45:36:993,-0.0686,-1.3975,10.1991,-0.5249,-0.572,9.7759,-0.0059,-0.0136,-0.0916
29328,46.875675,-1.285356,118.03,10.25,33.232002,294.3,0 / 23,1551558,2019-08-12 13:45:36:994,-0.0686,-1.3975,10.1991,-0.5249,-0.572,9.7759,-0.0059,-0.0136,-0.0916
29329,46.875675,-1.285356,118.03,10.25,33.232002,294.3,0 / 23,1551558,2019-08-12 13:45:36:994,-0.0686,-1.3975,10.1991,-0.5249,-0.572,9.7759,-0.0059,-0.0136,-0.0916
29330,46.875675,-1.285356,118.03,10.25,33.232002,294.3,0 / 23,1551558,2019-08-12 13:45:36:994,-0.0686,-1.3975,10.1991,-0.5249,-0.572,9.7759,-0.0059,-0.0136,-0.0916
29331,46.875675,-1.285356,118.03,10.25,33.232002,294.3,0 / 23,1551559,2019-08-12 13:45:36:995,-0.0686,-1.3975,10.1991,-0.5249,-0.572,9.7759,-0.0059,-0.0136,-0.0916
29332,46.875675,-1.285356,118.03,10.25,33.232002,294.3,0 / 23,1551559,2019-08-12 13:45:36:995,-0.0686,-1.3975,10.1991,-0.5249,-0.572,9.7759,-0.0059,-0.0136,-0.0916
29333,46.875675,-1.285356,118.03,10.25,33.232002,294.3,0 / 23,1551560,2019-08-12 13:45:36:996,-0.0686,-1.3975,10.1991,-0.5249,-0.572,9.7759,-0.0059,-0.0136,-0.0916
29334,46.875675,-1.285356,118.03,10.25,33.232002,294.3,0 / 23,1551560,2019-08-12 13:45:36:996,-0.0686,-1.3975,10.1991,-0.5249,-0.572,9.7759,-0.0059,-0.0136,-0.0916
29335,46.875675,-1.285356,118.03,10.25,33.232002,294.3,0 / 23,1551560,2019-08-12 13:45:36:996,-0.0686,-1.3975,10.1991,-0.5249,-0.572,9.7759,-0.0059,-0.0136,-0.0916
29336,46.875675,-1.285356,118.03,10.25,33.232002,294.3,0 / 23,1551561,2019-08-12 13:45:36:997,-0.0686,-1.3975,10.1991,-0.5249,-0.572,9.7759,-0.0059,-0.0136,-0.0916
29337,46.875675,-1.285356,118.03,10.25,33.232002,294.3,0 / 23,1551562,2019-08-12 13:45:36:998,-0.0686,-1.3975,10.1991,-0.5249,-0.572,9.7759,-0.0059,-0.0136,-0.0916
29338,46.875675,-1.285356,118.03,10.25,33.232002,294.3,0 / 23,1551562,2019-08-12 13:45:36:998,-0.0686,-1.3975,10.1991,-0.5249,-0.572,9.7759,-0.0059,-0.0136,-0.0916
29339,46.875675,-1.285356,118.03,10.25,33.232002,294.3,0 / 23,1551562,2019-08-12 13:45:36:998,-0.0686,-1.3975,10.1991,-0.5249,-0.572,9.7759,-0.0059,-0.0136,-0.0916
29340,46.875675,-1.285356,118.03,10.25,33.232002,294.3,0 / 23,1551563,2019-08-12 13:45:36:999,-0.0686,-1.3975,10.1991,-0.5249,-0.572,9.7759,-0.0059,-0.0136,-0.0916
29341,46.875675,-1.285356,118.03,10.25,33.232002,294.3,0 / 23,1551563,2019-08-12 13:45:36:999,-0.0686,-1.3975,10.1991,-0.5249,-0.572,9.7759,-0.0059,-0.0136,-0.0916
29342,46.875675,-1.285356,118.03,10.25,33.232002,294.3,0 / 23,1551564,2019-08-12 13:45:37:000,-0.0686,-1.3975,10.1991,-0.5249,-0.572,9.7759,-0.0059,-0.0136,-0.0916
29343,46.875675,-1.285356,118.03,10.25,33.232002,294.3,0 / 23,1551564,2019-08-12 13:45:37:000,-0.0686,-1.3975,10.1991,-0.5249,-0.572,9.7759,-0.0059,-0.0136,-0.0916
29344,46.875675,-1.285356,118.03,10.25,33.232002,294.3,0 / 23,1551564,2019-08-12 13:45:37:000,-0.0686,-1.3975,10.1991,-0.5249,-0.572,9.7759,-0.0059,-0.0136,-0.0916
29345,46.875675,-1.285356,118.03,10.25,33.232002,294.3,0 / 23,1551565,2019-08-12 13:45:37:001,-0.0686,-1.3975,10.1991,-0.5249,-0.572,9.7759,-0.0059,-0.0136,-0.0916
29346,46.875675,-1.285356,118.03,10.25,33.232002,294.3,0 / 23,1551565,2019-08-12 13:45:37:001,-0.0686,-1.3975,10.1991,-0.5249,-0.572,9.7759,-0.0059,-0.0136,-0.0916
29347,46.875675,-1.285356,118.03,10.25,33.232002,294.3,0 / 23,1551566,2019-08-12 13:45:37:002,-0.0686,-1.3975,10.1991,-0.5249,-0.572,9.7759,-0.0059,-0.0136,-0.0916
29348,46.875675,-1.285356,118.03,10.25,33.232002,294.3,0 / 23,1551566,2019-08-12 13:45:37:002,-0.0686,-1.3975,10.1991,-0.5249,-0.572,9.7759,-0.0059,-0.0136,-0.0916
29349,46.875675,-1.285356,118.03,10.25,33.232002,294.3,0 / 23,1551566,2019-08-12 13:45:37:002,-0.0686,-1.3975,10.1991,-0.5249,-0.572,9.7759,-0.0059,-0.0136,-0.0916
29350,46.875675,-1.285356,118.03,10.25,33.232002,294.3,0 / 23,1551567,2019-08-12 13:45:37:003,-0.0686,-1.3975,10.1991,-0.5249,-0.572,9.7759,-0.0059,-0.0136,-0.0916
29351,46.875675,-1.285356,118.03,10.25,33.232002,294.3,0 / 23,1551567,2019-08-12 13:45:37:003,-0.0686,-1.3975,10.1991,-0.5249,-0.572,9.7759,-0.0059,-0.0136,-0.0916
29352,46.875675,-1.285356,118.03,10.25,33.232002,294.3,0 / 23,1551568,2019-08-12 13:45:37:004,-0.0686,-1.3975,10.1991,-0.5249,-0.572,9.7759,-0.0059,-0.0136,-0.0916
29353,46.875675,-1.285356,118.03,10.25,33.232002,294.3,0 / 23,1551569,2019-08-12 13:45:37:005,-0.0686,-1.3975,10.1991,-0.5249,-0.572,9.7759,-0.0059,-0.0136,-0.0916
29354,46.875675,-1.285356,118.03,10.25,33.232002,294.3,0 / 23,1551570,2019-08-12 13:45:37:006,-0.0686,-1.3975,10.1991,-0.5249,-0.572,9.7759,-0.0059,-0.0136,-0.0916
29355,46.875675,-1.285356,118.03,10.25,33.232002,294.3,0 / 23,1551571,2019-08-12 13:45:37:007,-0.0686,-1.3975,10.1991,-0.5249,-0.572,9.7759,-0.0059,-0.0136,-0.0916
29356,46.875675,-1.285356,118.03,10.25,33.232002,294.3,0 / 23,1551571,2019-08-12 13:45:37:007,-0.0686,-1.3975,10.1991,-0.5249,-0.572,9.7759,-0.0059,-0.0136,-0.0916
29357,46.875675,-1.285356,118.03,10.25,33.232002,294.3,0 / 23,1551593,2019-08-12 13:45:37:029,-0.0686,-1.3975,10.1991,-0.5249,-0.572,9.7759,-0.0059,-0.0136,-0.0916
29358,46.875675,-1.285356,118.03,10.25,33.232002,294.3,0 / 23,1551693,2019-08-12 13:45:37:129,-0.0686,-1.3975,10.1991,-0.5249,-0.572,9.7759,-0.0059,-0.0136,-0.0916
29359,46.875675,-1.285356,118.03,10.25,33.232002,294.3,0 / 23,1552006,2019-08-12 13:45:37:442,-0.0686,-1.3975,10.1991,-0.5249,-0.572,9.7759,-0.0059,-0.0136,-0.0916
29360,46.875675,-1.285356,118.03,10.25,33.232002,294.3,0 / 23,1552007,2019-08-12 13:45:37:443,-0.0686,-1.3975,10.1991,-0.5249,-0.572,9.7759,-0.0059,-0.0136,-0.0916
29361,46.875675,-1.285356,118.03,10.25,33.232002,294.3,0 / 23,1552008,2019-08-12 13:45:37:444,-0.0686,-1.3975,10.1991,-0.5249,-0.572,9.7759,-0.0059,-0.0136,-0.0916
29362,46.875675,-1.285356,118.03,10.25,33.232002,294.3,0 / 23,1552008,2019-08-12 13:45:37:444,-0.0686,-1.3975,10.1991,-0.5249,-0.572,9.7759,-0.0059,-0.0136,-0.0916
29363,46.875675,-1.285356,118.03,10.25,33.232002,294.3,0 / 23,1552009,2019-08-12 13:45:37:445,-0.0686,-1.3975,10.1991,-0.5249,-0.572,9.7759,-0.0059,-0.0136,-0.0916
29364,46.875675,-1.285356,118.03,10.25,33.232002,294.3,0 / 23,1552009,2019-08-12 13:45:37:445,-0.0686,-1.3975,10.1991,-0.5249,-0.572,9.7759,-0.0059,-0.0136,-0.0916
29365,46.875675,-1.285356,118.03,10.25,33.232002,294.3,0 / 23,1552009,2019-08-12 13:45:37:445,-0.0686,-1.3975,10.1991,-0.5249,-0.572,9.7759,-0.0059,-0.0136,-0.0916
29366,46.875675,-1.285356,118.03,10.25,33.232002,294.3,0 / 23,1552010,2019-08-12 13:45:37:446,-0.0686,-1.3975,10.1991,-0.5249,-0.572,9.7759,-0.0059,-0.0136,-0.0916
29367,46.875675,-1.285356,118.03,10.25,33.232002,294.3,Dec-23,1552052,2019-08-12 13:45:37:488,-0.0686,-1.3975,10.1991,-0.5249,-0.572,9.7759,-0.0059,-0.0136,-0.0916
29368,46.875675,-1.285356,118.03,10.25,33.232002,294.3,Dec-23,1552152,2019-08-12 13:45:37:588,-0.0686,-1.3975,10.1991,-0.5249,-0.572,9.7759,-0.0059,-0.0136,-0.0916
29369,46.875675,-1.285356,118.03,10.25,33.232002,294.3,0 / 23,1552476,2019-08-12 13:45:37:912,-0.0686,-1.3975,10.1991,-0.5249,-0.572,9.7759,-0.0059,-0.0136,-0.0916
29370,46.875675,-1.285356,118.03,10.25,33.232002,294.3,0 / 23,1552477,2019-08-12 13:45:37:913,-0.0686,-1.3975,10.1991,-0.5249,-0.572,9.7759,-0.0059,-0.0136,-0.0916
29371,46.875675,-1.285356,118.03,10.25,33.232002,294.3,0 / 23,1552478,2019-08-12 13:45:37:914,-0.0686,-1.3975,10.1991,-0.5249,-0.572,9.7759,-0.0059,-0.0136,-0.0916
29372,46.875675,-1.285356,118.03,10.25,33.232002,294.3,0 / 23,1552478,2019-08-12 13:45:37:914,-0.0686,-1.3975,10.1991,-0.5249,-0.572,9.7759,-0.0059,-0.0136,-0.0916
29373,46.875675,-1.285356,118.03,10.25,33.232002,294.3,0 / 23,1552479,2019-08-12 13:45:37:915,-0.0686,-1.3975,10.1991,-0.5249,-0.572,9.7759,-0.0059,-0.0136,-0.0916
29374,46.875675,-1.285356,118.03,10.25,33.232002,294.3,0 / 23,1552479,2019-08-12 13:45:37:915,-0.0686,-1.3975,10.1991,-0.5249,-0.572,9.7759,-0.0059,-0.0136,-0.0916
29375,46.875675,-1.285356,118.03,10.25,33.232002,294.3,0 / 23,1552479,2019-08-12 13:45:37:915,-0.0686,-1.3975,10.1991,-0.5249,-0.572,9.7759,-0.0059,-0.0136,-0.0916
29376,46.875675,-1.285356,118.03,10.25,33.232002,294.3,0 / 23,1552480,2019-08-12 13:45:37:916,-0.0686,-1.3975,10.1991,-0.5249,-0.572,9.7759,-0.0059,-0.0136,-0.0916
29377,46.875675,-1.285356,118.03,10.25,33.232002,294.3,0 / 23,1552519,2019-08-12 13:45:37:955,-0.0686,-1.3975,10.1991,-0.5249,-0.572,9.7759,-0.0059,-0.0136,-0.0916
29378,46.875675,-1.285356,118.03,10.25,33.232002,294.3,0 / 23,1552619,2019-08-12 13:45:38:055,-0.0686,-1.3975,10.1991,-0.5249,-0.572,9.7759,-0.0059,-0.0136,-0.0916
29379,46.875675,-1.285356,118.03,10.25,33.232002,294.3,0 / 23,1552929,2019-08-12 13:45:38:365,-0.0686,-1.3975,10.1991,-0.5249,-0.572,9.7759,-0.0059,-0.0136,-0.0916
29380,46.875675,-1.285356,118.03,10.25,33.232002,294.3,0 / 23,1552930,2019-08-12 13:45:38:366,-0.0686,-1.3975,10.1991,-0.5249,-0.572,9.7759,-0.0059,-0.0136,-0.0916
29381,46.875675,-1.285356,118.03,10.25,33.232002,294.3,0 / 23,1552931,2019-08-12 13:45:38:367,-0.0686,-1.3975,10.1991,-0.5249,-0.572,9.7759,-0.0059,-0.0136,-0.0916
29382,46.875675,-1.285356,118.03,10.25,33.232002,294.3,0 / 23,1552931,2019-08-12 13:45:38:367,-0.0686,-1.3975,10.1991,-0.5249,-0.572,9.7759,-0.0059,-0.0136,-0.0916
29383,46.875675,-1.285356,118.03,10.25,33.232002,294.3,0 / 23,1552931,2019-08-12 13:45:38:367,-0.0686,-1.3975,10.1991,-0.5249,-0.572,9.7759,-0.0059,-0.0136,-0.0916
29384,46.875675,-1.285356,118.03,10.25,33.232002,294.3,0 / 23,1552932,2019-08-12 13:45:38:368,-0.0686,-1.3975,10.1991,-0.5249,-0.572,9.7759,-0.0059,-0.0136,-0.0916
29385,46.875675,-1.285356,118.03,10.25,33.232002,294.3,0 / 23,1552932,2019-08-12 13:45:38:368,-0.0686,-1.3975,10.1991,-0.5249,-0.572,9.7759,-0.0059,-0.0136,-0.0916
29386,46.875675,-1.285356,118.03,10.25,33.232002,294.3,0 / 23,1552933,2019-08-12 13:45:38:369,-0.0686,-1.3975,10.1991,-0.5249,-0.572,9.7759,-0.0059,-0.0136,-0.0916
29387,46.875675,-1.285356,118.03,10.25,33.232002,294.3,0 / 23,1552978,2019-08-12 13:45:38:414,-0.0686,-1.3975,10.1991,-0.5249,-0.572,9.7759,-0.0059,-0.0136,-0.0916
29388,46.875675,-1.285356,118.03,10.25,33.232002,294.3,0 / 23,1553078,2019-08-12 13:45:38:514,-0.0686,-1.3975,10.1991,-0.5249,-0.572,9.7759,-0.0059,-0.0136,-0.0916
29389,46.875675,-1.285356,118.03,10.25,33.232002,294.3,0 / 23,1553404,2019-08-12 13:45:38:840,-0.0686,-1.3975,10.1991,-0.5249,-0.572,9.7759,-0.0059,-0.0136,-0.0916
29390,46.875675,-1.285356,118.03,10.25,33.232002,294.3,0 / 23,1553405,2019-08-12 13:45:38:841,-0.0686,-1.3975,10.1991,-0.5249,-0.572,9.7759,-0.0059,-0.0136,-0.0916
29391,46.875675,-1.285356,118.03,10.25,33.232002,294.3,0 / 23,1553405,2019-08-12 13:45:38:841,-0.0686,-1.3975,10.1991,-0.5249,-0.572,9.7759,-0.0059,-0.0136,-0.0916
29392,46.875675,-1.285356,118.03,10.25,33.232002,294.3,0 / 23,1553406,2019-08-12 13:45:38:842,-0.0686,-1.3975,10.1991,-0.5249,-0.572,9.7759,-0.0059,-0.0136,-0.0916
29393,46.875675,-1.285356,118.03,10.25,33.232002,294.3,0 / 23,1553406,2019-08-12 13:45:38:842,-0.0686,-1.3975,10.1991,-0.5249,-0.572,9.7759,-0.0059,-0.0136,-0.0916
29394,46.875675,-1.285356,118.03,10.25,33.232002,294.3,0 / 23,1553406,2019-08-12 13:45:38:842,-0.0686,-1.3975,10.1991,-0.5249,-0.572,9.7759,-0.0059,-0.0136,-0.0916
29395,46.875675,-1.285356,118.03,10.25,33.232002,294.3,0 / 23,1553407,2019-08-12 13:45:38:843,-0.0686,-1.3975,10.1991,-0.5249,-0.572,9.7759,-0.0059,-0.0136,-0.0916
29396,46.875675,-1.285356,118.03,10.25,33.232002,294.3,0 / 23,1553407,2019-08-12 13:45:38:843,-0.0686,-1.3975,10.1991,-0.5249,-0.572,9.7759,-0.0059,-0.0136,-0.0916
29397,46.875675,-1.285356,118.03,10.25,33.232002,294.3,0 / 23,1553407,2019-08-12 13:45:38:843,-0.0686,-1.3975,10.1991,-0.5249,-0.572,9.7759,-0.0059,-0.0136,-0.0916
29398,46.875675,-1.285356,118.03,10.25,33.232002,294.3,0 / 23,1553408,2019-08-12 13:45:38:844,-0.0686,-1.3975,10.1991,-0.5249,-0.572,9.7759,-0.0059,-0.0136,-0.0916
29399,46.875675,-1.285356,118.03,10.25,33.232002,294.3,0 / 23,1553409,2019-08-12 13:45:38:845,-0.0686,-1.3975,10.1991,-0.5249,-0.572,9.7759,-0.0059,-0.0136,-0.0916
29400,46.875675,-1.285356,118.03,10.25,33.232002,294.3,0 / 23,1553414,2019-08-12 13:45:38:850,-0.0686,-1.3975,10.1991,-0.5249,-0.572,9.7759,-0.0059,-0.0136,-0.0916
29401,46.875675,-1.285356,118.03,10.25,33.232002,294.3,0 / 23,1553414,2019-08-12 13:45:38:850,-0.0686,-1.3975,10.1991,-0.5249,-0.572,9.7759,-0.0059,-0.0136,-0.0916
29402,46.875675,-1.285356,118.03,10.25,33.232002,294.3,0 / 23,1553415,2019-08-12 13:45:38:851,-0.0686,-1.3975,10.1991,-0.5249,-0.572,9.7759,-0.0059,-0.0136,-0.0916
29403,46.875675,-1.285356,118.03,10.25,33.232002,294.3,0 / 23,1553418,2019-08-12 13:45:38:854,-0.0686,-1.3975,10.1991,-0.5249,-0.572,9.7759,-0.0059,-0.0136,-0.0916
29404,46.875675,-1.285356,118.03,10.25,33.232002,294.3,0 / 23,1553420,2019-08-12 13:45:38:856,-0.0686,-1.3975,10.1991,-0.5249,-0.572,9.7759,-0.0059,-0.0136,-0.0916
29405,46.875675,-1.285356,118.03,10.25,33.232002,294.3,0 / 23,1553422,2019-08-12 13:45:38:858,-0.0686,-1.3975,10.1991,-0.5249,-0.572,9.7759,-0.0059,-0.0136,-0.0916
29406,46.875675,-1.285356,118.03,10.25,33.232002,294.3,0 / 23,1553422,2019-08-12 13:45:38:858,-0.0686,-1.3975,10.1991,-0.5249,-0.572,9.7759,-0.0059,-0.0136,-0.0916
29407,46.875675,-1.285356,118.03,10.25,33.232002,294.3,0 / 23,1553422,2019-08-12 13:45:38:858,-0.0686,-1.3975,10.1991,-0.5249,-0.572,9.7759,-0.0059,-0.0136,-0.0916
29408,46.875675,-1.285356,118.03,10.25,33.232002,294.3,0 / 23,1553423,2019-08-12 13:45:38:859,-0.0686,-1.3975,10.1991,-0.5249,-0.572,9.7759,-0.0059,-0.0136,-0.0916
29409,46.875675,-1.285356,118.03,10.25,33.232002,294.3,0 / 23,1553423,2019-08-12 13:45:38:859,-0.0686,-1.3975,10.1991,-0.5249,-0.572,9.7759,-0.0059,-0.0136,-0.0916
29410,46.875675,-1.285356,118.03,10.25,33.232002,294.3,0 / 23,1553423,2019-08-12 13:45:38:859,-0.0686,-1.3975,10.1991,-0.5249,-0.572,9.7759,-0.0059,-0.0136,-0.0916
29411,46.875675,-1.285356,118.03,10.25,33.232002,294.3,0 / 23,1553424,2019-08-12 13:45:38:860,-0.0686,-1.3975,10.1991,-0.5249,-0.572,9.7759,-0.0059,-0.0136,-0.0916
29412,46.875675,-1.285356,118.03,10.25,33.232002,294.3,0 / 23,1553424,2019-08-12 13:45:38:860,-0.0686,-1.3975,10.1991,-0.5249,-0.572,9.7759,-0.0059,-0.0136,-0.0916
29413,46.875675,-1.285356,118.03,10.25,33.232002,294.3,0 / 23,1553424,2019-08-12 13:45:38:860,-0.0686,-1.3975,10.1991,-0.5249,-0.572,9.7759,-0.0059,-0.0136,-0.0916
29414,46.875675,-1.285356,118.03,10.25,33.232002,294.3,0 / 23,1553425,2019-08-12 13:45:38:861,-0.0686,-1.3975,10.1991,-0.5249,-0.572,9.7759,-0.0059,-0.0136,-0.0916
29415,46.875675,-1.285356,118.03,10.25,33.232002,294.3,0 / 23,1553444,2019-08-12 13:45:38:880,-0.0686,-1.3975,10.1991,-0.5249,-0.572,9.7759,-0.0059,-0.0136,-0.0916
29416,46.875675,-1.285356,118.03,10.25,33.232002,294.3,0 / 23,1553545,2019-08-12 13:45:38:981,-0.0686,-1.3975,10.1991,-0.5249,-0.572,9.7759,-0.0059,-0.0136,-0.0916
29417,46.875675,-1.285356,118.03,10.25,33.232002,294.3,0 / 23,1553871,2019-08-12 13:45:39:307,-0.0686,-1.3975,10.1991,-0.5249,-0.572,9.7759,-0.0059,-0.0136,-0.0916
29418,46.875675,-1.285356,118.03,10.25,33.232002,294.3,0 / 23,1553871,2019-08-12 13:45:39:307,-0.0686,-1.3975,10.1991,-0.5249,-0.572,9.7759,-0.0059,-0.0136,-0.0916
29419,46.875675,-1.285356,118.03,10.25,33.232002,294.3,0 / 23,1553872,2019-08-12 13:45:39:308,-0.0686,-1.3975,10.1991,-0.5249,-0.572,9.7759,-0.0059,-0.0136,-0.0916
29420,46.875675,-1.285356,118.03,10.25,33.232002,294.3,0 / 23,1553872,2019-08-12 13:45:39:308,-0.0686,-1.3975,10.1991,-0.5249,-0.572,9.7759,-0.0059,-0.0136,-0.0916
29421,46.875675,-1.285356,118.03,10.25,33.232002,294.3,0 / 23,1553873,2019-08-12 13:45:39:309,-0.0686,-1.3975,10.1991,-0.5249,-0.572,9.7759,-0.0059,-0.0136,-0.0916
29422,46.875675,-1.285356,118.03,10.25,33.232002,294.3,0 / 23,1553873,2019-08-12 13:45:39:309,-0.0686,-1.3975,10.1991,-0.5249,-0.572,9.7759,-0.0059,-0.0136,-0.0916
29423,46.875675,-1.285356,118.03,10.25,33.232002,294.3,0 / 23,1553873,2019-08-12 13:45:39:309,-0.0686,-1.3975,10.1991,-0.5249,-0.572,9.7759,-0.0059,-0.0136,-0.0916
29424,46.875675,-1.285356,118.03,10.25,33.232002,294.3,0 / 23,1553875,2019-08-12 13:45:39:311,-0.0686,-1.3975,10.1991,-0.5249,-0.572,9.7759,-0.0059,-0.0136,-0.0916
29425,46.875675,-1.285356,118.03,10.25,33.232002,294.3,0 / 23,1553876,2019-08-12 13:45:39:312,-0.0686,-1.3975,10.1991,-0.5249,-0.572,9.7759,-0.0059,-0.0136,-0.0916
29426,46.875675,-1.285356,118.03,10.25,33.232002,294.3,0 / 23,1553876,2019-08-12 13:45:39:312,-0.0686,-1.3975,10.1991,-0.5249,-0.572,9.7759,-0.0059,-0.0136,-0.0916
29427,46.875675,-1.285356,118.03,10.25,33.232002,294.3,0 / 23,1553877,2019-08-12 13:45:39:313,-0.0686,-1.3975,10.1991,-0.5249,-0.572,9.7759,-0.0059,-0.0136,-0.0916
29428,46.875675,-1.285356,118.03,10.25,33.232002,294.3,0 / 23,1553877,2019-08-12 13:45:39:313,-0.0686,-1.3975,10.1991,-0.5249,-0.572,9.7759,-0.0059,-0.0136,-0.0916
29429,46.875675,-1.285356,118.03,10.25,33.232002,294.3,0 / 23,1553878,2019-08-12 13:45:39:314,-0.0686,-1.3975,10.1991,-0.5249,-0.572,9.7759,-0.0059,-0.0136,-0.0916
29430,46.875675,-1.285356,118.03,10.25,33.232002,294.3,0 / 23,1553878,2019-08-12 13:45:39:314,-0.0686,-1.3975,10.1991,-0.5249,-0.572,9.7759,-0.0059,-0.0136,-0.0916
29431,46.875675,-1.285356,118.03,10.25,33.232002,294.3,0 / 23,1553879,2019-08-12 13:45:39:315,-0.0686,-1.3975,10.1991,-0.5249,-0.572,9.7759,-0.0059,-0.0136,-0.0916
29432,46.875675,-1.285356,118.03,10.25,33.232002,294.3,0 / 23,1553879,2019-08-12 13:45:39:315,-0.0686,-1.3975,10.1991,-0.5249,-0.572,9.7759,-0.0059,-0.0136,-0.0916
29433,46.875675,-1.285356,118.03,10.25,33.232002,294.3,0 / 23,1553880,2019-08-12 13:45:39:316,-0.0686,-1.3975,10.1991,-0.5249,-0.572,9.7759,-0.0059,-0.0136,-0.0916
29434,46.875675,-1.285356,118.03,10.25,33.232002,294.3,0 / 23,1553880,2019-08-12 13:45:39:316,-0.0686,-1.3975,10.1991,-0.5249,-0.572,9.7759,-0.0059,-0.0136,-0.0916
29435,46.875675,-1.285356,118.03,10.25,33.232002,294.3,0 / 23,1553880,2019-08-12 13:45:39:316,-0.0686,-1.3975,10.1991,-0.5249,-0.572,9.7759,-0.0059,-0.0136,-0.0916
29436,46.875675,-1.285356,118.03,10.25,33.232002,294.3,0 / 23,1553881,2019-08-12 13:45:39:317,-0.0686,-1.3975,10.1991,-0.5249,-0.572,9.7759,-0.0059,-0.0136,-0.0916
29437,46.875675,-1.285356,118.03,10.25,33.232002,294.3,0 / 23,1553881,2019-08-12 13:45:39:317,-0.0686,-1.3975,10.1991,-0.5249,-0.572,9.7759,-0.0059,-0.0136,-0.0916
29438,46.875675,-1.285356,118.03,10.25,33.232002,294.3,0 / 23,1553882,2019-08-12 13:45:39:318,-0.0686,-1.3975,10.1991,-0.5249,-0.572,9.7759,-0.0059,-0.0136,-0.0916
29439,46.875675,-1.285356,118.03,10.25,33.232002,294.3,0 / 23,1553882,2019-08-12 13:45:39:318,-0.0686,-1.3975,10.1991,-0.5249,-0.572,9.7759,-0.0059,-0.0136,-0.0916
29440,46.875675,-1.285356,118.03,10.25,33.232002,294.3,0 / 23,1553883,2019-08-12 13:45:39:319,-0.0686,-1.3975,10.1991,-0.5249,-0.572,9.7759,-0.0059,-0.0136,-0.0916
29441,46.875675,-1.285356,118.03,10.25,33.232002,294.3,0 / 23,1553883,2019-08-12 13:45:39:319,-0.0686,-1.3975,10.1991,-0.5249,-0.572,9.7759,-0.0059,-0.0136,-0.0916
29442,46.875675,-1.285356,118.03,10.25,33.232002,294.3,0 / 23,1553883,2019-08-12 13:45:39:319,-0.0686,-1.3975,10.1991,-0.5249,-0.572,9.7759,-0.0059,-0.0136,-0.0916
29443,46.875675,-1.285356,118.03,10.25,33.232002,294.3,0 / 23,1553884,2019-08-12 13:45:39:320,-0.0686,-1.3975,10.1991,-0.5249,-0.572,9.7759,-0.0059,-0.0136,-0.0916
29444,46.875675,-1.285356,118.03,10.25,33.232002,294.3,0 / 23,1553884,2019-08-12 13:45:39:320,-0.0686,-1.3975,10.1991,-0.5249,-0.572,9.7759,-0.0059,-0.0136,-0.0916
29445,46.875675,-1.285356,118.03,10.25,33.232002,294.3,0 / 23,1553885,2019-08-12 13:45:39:321,-0.0686,-1.3975,10.1991,-0.5249,-0.572,9.7759,-0.0059,-0.0136,-0.0916
29446,46.875675,-1.285356,118.03,10.25,33.232002,294.3,0 / 23,1553885,2019-08-12 13:45:39:321,-0.0686,-1.3975,10.1991,-0.5249,-0.572,9.7759,-0.0059,-0.0136,-0.0916
29447,46.875675,-1.285356,118.03,10.25,33.232002,294.3,0 / 23,1553918,2019-08-12 13:45:39:354,-0.0686,-1.3975,10.1991,-0.5249,-0.572,9.7759,-0.0059,-0.0136,-0.0916
29448,46.875675,-1.285356,118.03,10.25,33.232002,294.3,0 / 23,1554018,2019-08-12 13:45:39:454,-0.0686,-1.3975,10.1991,-0.5249,-0.572,9.7759,-0.0059,-0.0136,-0.0916
29449,46.875675,-1.285356,118.03,10.25,33.232002,294.3,0 / 23,1554327,2019-08-12 13:45:39:763,-0.0686,-1.3975,10.1991,-0.5249,-0.572,9.7759,-0.0059,-0.0136,-0.0916
29450,46.875675,-1.285356,118.03,10.25,33.232002,294.3,0 / 23,1554327,2019-08-12 13:45:39:763,-0.0686,-1.3975,10.1991,-0.5249,-0.572,9.7759,-0.0059,-0.0136,-0.0916
29451,46.875675,-1.285356,118.03,10.25,33.232002,294.3,0 / 23,1554328,2019-08-12 13:45:39:764,-0.0686,-1.3975,10.1991,-0.5249,-0.572,9.7759,-0.0059,-0.0136,-0.0916
29452,46.875675,-1.285356,118.03,10.25,33.232002,294.3,0 / 23,1554328,2019-08-12 13:45:39:764,-0.0686,-1.3975,10.1991,-0.5249,-0.572,9.7759,-0.0059,-0.0136,-0.0916
29453,46.875675,-1.285356,118.03,10.25,33.232002,294.3,0 / 23,1554329,2019-08-12 13:45:39:765,-0.0686,-1.3975,10.1991,-0.5249,-0.572,9.7759,-0.0059,-0.0136,-0.0916
29454,46.875675,-1.285356,118.03,10.25,33.232002,294.3,0 / 23,1554329,2019-08-12 13:45:39:765,-0.0686,-1.3975,10.1991,-0.5249,-0.572,9.7759,-0.0059,-0.0136,-0.0916
29455,46.875675,-1.285356,118.03,10.25,33.232002,294.3,0 / 23,1554329,2019-08-12 13:45:39:765,-0.0686,-1.3975,10.1991,-0.5249,-0.572,9.7759,-0.0059,-0.0136,-0.0916
29456,46.875675,-1.285356,118.03,10.25,33.232002,294.3,14 / 23,1554331,2019-08-12 13:45:39:767,-0.0686,-1.3975,10.1991,-0.5249,-0.572,9.7759,-0.0059,-0.0136,-0.0916
29457,46.875675,-1.285356,118.03,10.25,33.232002,294.3,14 / 23,1554375,2019-08-12 13:45:39:811,-0.0686,-1.3975,10.1991,-0.5249,-0.572,9.7759,-0.0059,-0.0136,-0.0916
29458,46.875675,-1.285356,118.03,10.25,33.232002,294.3,14 / 23,1554475,2019-08-12 13:45:39:911,-0.0686,-1.3975,10.1991,-0.5249,-0.572,9.7759,-0.0059,-0.0136,-0.0916
29459,46.875675,-1.285356,118.03,10.25,33.232002,294.3,14 / 23,1554805,2019-08-12 13:45:40:241,-0.0686,-1.3975,10.1991,-0.5249,-0.572,9.7759,-0.0059,-0.0136,-0.0916
29460,46.875675,-1.285356,118.03,10.25,33.232002,294.3,14 / 23,1554805,2019-08-12 13:45:40:241,-0.0686,-1.3975,10.1991,-0.5249,-0.572,9.7759,-0.0059,-0.0136,-0.0916
29461,46.875675,-1.285356,118.03,10.25,33.232002,294.3,14 / 23,1554806,2019-08-12 13:45:40:242,-0.0686,-1.3975,10.1991,-0.5249,-0.572,9.7759,-0.0059,-0.0136,-0.0916
29462,46.875675,-1.285356,118.03,10.25,33.232002,294.3,14 / 23,1554806,2019-08-12 13:45:40:242,-0.0686,-1.3975,10.1991,-0.5249,-0.572,9.7759,-0.0059,-0.0136,-0.0916
29463,46.875675,-1.285356,118.03,10.25,33.232002,294.3,14 / 23,1554806,2019-08-12 13:45:40:242,-0.0686,-1.3975,10.1991,-0.5249,-0.572,9.7759,-0.0059,-0.0136,-0.0916
29464,46.875675,-1.285356,118.03,10.25,33.232002,294.3,14 / 23,1554807,2019-08-12 13:45:40:243,-0.0686,-1.3975,10.1991,-0.5249,-0.572,9.7759,-0.0059,-0.0136,-0.0916
29465,46.875675,-1.285356,118.03,10.25,33.232002,294.3,14 / 23,1554807,2019-08-12 13:45:40:243,-0.0686,-1.3975,10.1991,-0.5249,-0.572,9.7759,-0.0059,-0.0136,-0.0916
29466,46.875675,-1.285356,118.03,10.25,33.232002,294.3,14 / 23,1554822,2019-08-12 13:45:40:258,-0.0686,-1.3975,10.1991,-0.5249,-0.572,9.7759,-0.0059,-0.0136,-0.0916
29467,46.875675,-1.285356,118.03,10.25,33.232002,294.3,0 / 23,1554843,2019-08-12 13:45:40:279,-0.0686,-1.3975,10.1991,-0.5249,-0.572,9.7759,-0.0059,-0.0136,-0.0916
29468,46.875675,-1.285356,118.03,10.25,33.232002,294.3,0 / 23,1554943,2019-08-12 13:45:40:379,-0.0686,-1.3975,10.1991,-0.5249,-0.572,9.7759,-0.0059,-0.0136,-0.0916
29469,46.875675,-1.285356,118.03,10.25,33.232002,294.3,0 / 23,1555274,2019-08-12 13:45:40:710,-0.0686,-1.3975,10.1991,-0.5249,-0.572,9.7759,-0.0059,-0.0136,-0.0916
29470,46.875675,-1.285356,118.03,10.25,33.232002,294.3,0 / 23,1555275,2019-08-12 13:45:40:711,-0.0686,-1.3975,10.1991,-0.5249,-0.572,9.7759,-0.0059,-0.0136,-0.0916
29471,46.875675,-1.285356,118.03,10.25,33.232002,294.3,0 / 23,1555275,2019-08-12 13:45:40:711,-0.0686,-1.3975,10.1991,-0.5249,-0.572,9.7759,-0.0059,-0.0136,-0.0916
29472,46.875675,-1.285356,118.03,10.25,33.232002,294.3,0 / 23,1555276,2019-08-12 13:45:40:712,-0.0686,-1.3975,10.1991,-0.5249,-0.572,9.7759,-0.0059,-0.0136,-0.0916
29473,46.875675,-1.285356,118.03,10.25,33.232002,294.3,0 / 23,1555276,2019-08-12 13:45:40:712,-0.0686,-1.3975,10.1991,-0.5249,-0.572,9.7759,-0.0059,-0.0136,-0.0916
29474,46.875675,-1.285356,118.03,10.25,33.232002,294.3,0 / 23,1555277,2019-08-12 13:45:40:713,-0.0686,-1.3975,10.1991,-0.5249,-0.572,9.7759,-0.0059,-0.0136,-0.0916
29475,46.875675,-1.285356,118.03,10.25,33.232002,294.3,0 / 23,1555278,2019-08-12 13:45:40:714,-0.0686,-1.3975,10.1991,-0.5249,-0.572,9.7759,-0.0059,-0.0136,-0.0916
29476,46.875675,-1.285356,118.03,10.25,33.232002,294.3,0 / 23,1555288,2019-08-12 13:45:40:724,-0.0686,-1.3975,10.1991,-0.5249,-0.572,9.7759,-0.0059,-0.0136,-0.0916
29477,46.875675,-1.285356,118.03,10.25,33.232002,294.3,0 / 23,1555311,2019-08-12 13:45:40:747,-0.0686,-1.3975,10.1991,-0.5249,-0.572,9.7759,-0.0059,-0.0136,-0.0916
29478,46.875675,-1.285356,118.03,10.25,33.232002,294.3,0 / 23,1555411,2019-08-12 13:45:40:847,-0.0686,-1.3975,10.1991,-0.5249,-0.572,9.7759,-0.0059,-0.0136,-0.0916
29479,46.875675,-1.285356,118.03,10.25,33.232002,294.3,0 / 23,1555746,2019-08-12 13:45:41:182,-0.0686,-1.3975,10.1991,-0.5249,-0.572,9.7759,-0.0059,-0.0136,-0.0916
29480,46.875675,-1.285356,118.03,10.25,33.232002,294.3,0 / 23,1555746,2019-08-12 13:45:41:182,-0.0686,-1.3975,10.1991,-0.5249,-0.572,9.7759,-0.0059,-0.0136,-0.0916
29481,46.875675,-1.285356,118.03,10.25,33.232002,294.3,0 / 23,1555747,2019-08-12 13:45:41:183,-0.0686,-1.3975,10.1991,-0.5249,-0.572,9.7759,-0.0059,-0.0136,-0.0916
29482,46.875675,-1.285356,118.03,10.25,33.232002,294.3,0 / 23,1555748,2019-08-12 13:45:41:184,-0.0686,-1.3975,10.1991,-0.5249,-0.572,9.7759,-0.0059,-0.0136,-0.0916
29483,46.875675,-1.285356,118.03,10.25,33.232002,294.3,0 / 23,1555748,2019-08-12 13:45:41:184,-0.0686,-1.3975,10.1991,-0.5249,-0.572,9.7759,-0.0059,-0.0136,-0.0916
29484,46.875675,-1.285356,118.03,10.25,33.232002,294.3,0 / 23,1555748,2019-08-12 13:45:41:184,-0.0686,-1.3975,10.1991,-0.5249,-0.572,9.7759,-0.0059,-0.0136,-0.0916
29485,46.875675,-1.285356,118.03,10.25,33.232002,294.3,0 / 23,1555749,2019-08-12 13:45:41:185,-0.0686,-1.3975,10.1991,-0.5249,-0.572,9.7759,-0.0059,-0.0136,-0.0916
29486,46.875675,-1.285356,118.03,10.25,33.232002,294.3,0 / 23,1555749,2019-08-12 13:45:41:185,-0.0686,-1.3975,10.1991,-0.5249,-0.572,9.7759,-0.0059,-0.0136,-0.0916
29487,46.878654,-1.287558,82.99,24.65,24.656,336.7,0 / 23,1555779,2019-08-12 13:45:41:215,-0.0686,-1.3975,10.1991,-0.5249,-0.572,9.7759,-0.0059,-0.0136,-0.0916
29488,46.878654,-1.287558,82.99,24.65,24.656,336.7,0 / 23,1555879,2019-08-12 13:45:41:315,-0.0686,-1.3975,10.1991,-0.5249,-0.572,9.7759,-0.0059,-0.0136,-0.0916
29489,46.878654,-1.287558,82.99,24.65,24.656,336.7,0 / 23,1556220,2019-08-12 13:45:41:656,-0.0686,-1.3975,10.1991,-0.5249,-0.572,9.7759,-0.0059,-0.0136,-0.0916
29490,46.878654,-1.287558,82.99,24.65,24.656,336.7,0 / 23,1556221,2019-08-12 13:45:41:657,-0.0686,-1.3975,10.1991,-0.5249,-0.572,9.7759,-0.0059,-0.0136,-0.0916
29491,46.878654,-1.287558,82.99,24.65,24.656,336.7,0 / 23,1556222,2019-08-12 13:45:41:658,-0.0686,-1.3975,10.1991,-0.5249,-0.572,9.7759,-0.0059,-0.0136,-0.0916
29492,46.878654,-1.287558,82.99,24.65,24.656,336.7,0 / 23,1556222,2019-08-12 13:45:41:658,-0.0686,-1.3975,10.1991,-0.5249,-0.572,9.7759,-0.0059,-0.0136,-0.0916
29493,46.878654,-1.287558,82.99,24.65,24.656,336.7,0 / 23,1556222,2019-08-12 13:45:41:658,-0.0686,-1.3975,10.1991,-0.5249,-0.572,9.7759,-0.0059,-0.0136,-0.0916
29494,46.878654,-1.287558,82.99,24.65,24.656,336.7,0 / 23,1556223,2019-08-12 13:45:41:659,-0.0686,-1.3975,10.1991,-0.5249,-0.572,9.7759,-0.0059,-0.0136,-0.0916
29495,46.878654,-1.287558,82.99,24.65,24.656,336.7,0 / 23,1556223,2019-08-12 13:45:41:659,-0.0686,-1.3975,10.1991,-0.5249,-0.572,9.7759,-0.0059,-0.0136,-0.0916
29496,46.878654,-1.287558,82.99,24.65,24.656,336.7,0 / 23,1556223,2019-08-12 13:45:41:659,-0.0686,-1.3975,10.1991,-0.5249,-0.572,9.7759,-0.0059,-0.0136,-0.0916
29497,46.878654,-1.287558,82.99,24.65,24.656,336.7,0 / 23,1556224,2019-08-12 13:45:41:660,-0.0686,-1.3975,10.1991,-0.5249,-0.572,9.7759,-0.0059,-0.0136,-0.0916
29498,46.878654,-1.287558,82.99,24.65,24.656,336.7,0 / 23,1556224,2019-08-12 13:45:41:660,-0.0686,-1.3975,10.1991,-0.5249,-0.572,9.7759,-0.0059,-0.0136,-0.0916
29499,46.878654,-1.287558,82.99,24.65,24.656,336.7,0 / 23,1556226,2019-08-12 13:45:41:662,-0.0686,-1.3975,10.1991,-0.5249,-0.572,9.7759,-0.0059,-0.0136,-0.0916
29500,46.878654,-1.287558,82.99,24.65,24.656,336.7,0 / 23,1556231,2019-08-12 13:45:41:667,-0.0686,-1.3975,10.1991,-0.5249,-0.572,9.7759,-0.0059,-0.0136,-0.0916
29501,46.878654,-1.287558,82.99,24.65,24.656,336.7,0 / 23,1556232,2019-08-12 13:45:41:668,-0.0686,-1.3975,10.1991,-0.5249,-0.572,9.7759,-0.0059,-0.0136,-0.0916
29502,46.878654,-1.287558,82.99,24.65,24.656,336.7,0 / 23,1556233,2019-08-12 13:45:41:669,-0.0686,-1.3975,10.1991,-0.5249,-0.572,9.7759,-0.0059,-0.0136,-0.0916
29503,46.878654,-1.287558,82.99,24.65,24.656,336.7,0 / 23,1556234,2019-08-12 13:45:41:670,-0.0686,-1.3975,10.1991,-0.5249,-0.572,9.7759,-0.0059,-0.0136,-0.0916
29504,46.878654,-1.287558,82.99,24.65,24.656,336.7,0 / 23,1556235,2019-08-12 13:45:41:671,-0.0686,-1.3975,10.1991,-0.5249,-0.572,9.7759,-0.0059,-0.0136,-0.0916
29505,46.878654,-1.287558,82.99,24.65,24.656,336.7,0 / 23,1556236,2019-08-12 13:45:41:672,-0.0686,-1.3975,10.1991,-0.5249,-0.572,9.7759,-0.0059,-0.0136,-0.0916
29506,46.878654,-1.287558,82.99,24.65,24.656,336.7,0 / 23,1556236,2019-08-12 13:45:41:672,-0.0686,-1.3975,10.1991,-0.5249,-0.572,9.7759,-0.0059,-0.0136,-0.0916
29507,46.878654,-1.287558,82.99,24.65,24.656,336.7,0 / 23,1556237,2019-08-12 13:45:41:673,-0.0686,-1.3975,10.1991,-0.5249,-0.572,9.7759,-0.0059,-0.0136,-0.0916
29508,46.878654,-1.287558,82.99,24.65,24.656,336.7,0 / 23,1556238,2019-08-12 13:45:41:674,-0.0686,-1.3975,10.1991,-0.5249,-0.572,9.7759,-0.0059,-0.0136,-0.0916
29509,46.878654,-1.287558,82.99,24.65,24.656,336.7,0 / 23,1556239,2019-08-12 13:45:41:675,-0.0686,-1.3975,10.1991,-0.5249,-0.572,9.7759,-0.0059,-0.0136,-0.0916
29510,46.878654,-1.287558,82.99,24.65,24.656,336.7,0 / 23,1556239,2019-08-12 13:45:41:675,-0.0686,-1.3975,10.1991,-0.5249,-0.572,9.7759,-0.0059,-0.0136,-0.0916
29511,46.878654,-1.287558,82.99,24.65,24.656,336.7,0 / 23,1556239,2019-08-12 13:45:41:675,-0.0686,-1.3975,10.1991,-0.5249,-0.572,9.7759,-0.0059,-0.0136,-0.0916
29512,46.878654,-1.287558,82.99,24.65,24.656,336.7,0 / 23,1556240,2019-08-12 13:45:41:676,-0.0686,-1.3975,10.1991,-0.5249,-0.572,9.7759,-0.0059,-0.0136,-0.0916
29513,46.878654,-1.287558,82.99,24.65,24.656,336.7,0 / 23,1556240,2019-08-12 13:45:41:676,-0.0686,-1.3975,10.1991,-0.5249,-0.572,9.7759,-0.0059,-0.0136,-0.0916
29514,46.878654,-1.287558,82.99,24.65,24.656,336.7,0 / 23,1556240,2019-08-12 13:45:41:676,-0.0686,-1.3975,10.1991,-0.5249,-0.572,9.7759,-0.0059,-0.0136,-0.0916
29515,46.878654,-1.287558,82.99,24.65,24.656,336.7,0 / 23,1556241,2019-08-12 13:45:41:677,-0.0686,-1.3975,10.1991,-0.5249,-0.572,9.7759,-0.0059,-0.0136,-0.0916
29516,46.878654,-1.287558,82.99,24.65,24.656,336.7,0 / 23,1556241,2019-08-12 13:45:41:677,-0.0686,-1.3975,10.1991,-0.5249,-0.572,9.7759,-0.0059,-0.0136,-0.0916
29517,46.878654,-1.287558,82.99,24.65,24.656,336.7,0 / 23,1556242,2019-08-12 13:45:41:678,-0.0686,-1.3975,10.1991,-0.5249,-0.572,9.7759,-0.0059,-0.0136,-0.0916
29518,46.878654,-1.287558,82.99,24.65,24.656,336.7,0 / 23,1556242,2019-08-12 13:45:41:678,-0.0686,-1.3975,10.1991,-0.5249,-0.572,9.7759,-0.0059,-0.0136,-0.0916
29519,46.878654,-1.287558,82.99,24.65,24.656,336.7,0 / 23,1556242,2019-08-12 13:45:41:678,-0.0686,-1.3975,10.1991,-0.5249,-0.572,9.7759,-0.0059,-0.0136,-0.0916
29520,46.878654,-1.287558,82.99,24.65,24.656,336.7,0 / 23,1556243,2019-08-12 13:45:41:679,-0.0686,-1.3975,10.1991,-0.5249,-0.572,9.7759,-0.0059,-0.0136,-0.0916
29521,46.878654,-1.287558,82.99,24.65,24.656,336.7,0 / 23,1556243,2019-08-12 13:45:41:679,-0.0686,-1.3975,10.1991,-0.5249,-0.572,9.7759,-0.0059,-0.0136,-0.0916
29522,46.878654,-1.287558,82.99,24.65,24.656,336.7,0 / 23,1556244,2019-08-12 13:45:41:680,-0.0686,-1.3975,10.1991,-0.5249,-0.572,9.7759,-0.0059,-0.0136,-0.0916
29523,46.878654,-1.287558,82.99,24.65,24.656,336.7,0 / 23,1556244,2019-08-12 13:45:41:680,-0.0686,-1.3975,10.1991,-0.5249,-0.572,9.7759,-0.0059,-0.0136,-0.0916
29524,46.878654,-1.287558,82.99,24.65,24.656,336.7,0 / 23,1556244,2019-08-12 13:45:41:680,-0.0686,-1.3975,10.1991,-0.5249,-0.572,9.7759,-0.0059,-0.0136,-0.0916
29525,46.878654,-1.287558,82.99,24.65,24.656,336.7,0 / 23,1556245,2019-08-12 13:45:41:681,-0.0686,-1.3975,10.1991,-0.5249,-0.572,9.7759,-0.0059,-0.0136,-0.0916
29526,46.878654,-1.287558,82.99,24.65,24.656,336.7,0 / 23,1556245,2019-08-12 13:45:41:681,-0.0686,-1.3975,10.1991,-0.5249,-0.572,9.7759,-0.0059,-0.0136,-0.0916
29527,46.878654,-1.287558,82.99,24.65,24.656,336.7,0 / 23,1556246,2019-08-12 13:45:41:682,-0.0686,-1.3975,10.1991,-0.5249,-0.572,9.7759,-0.0059,-0.0136,-0.0916
29528,46.878654,-1.287558,82.99,24.65,24.656,336.7,0 / 23,1556246,2019-08-12 13:45:41:682,-0.0686,-1.3975,10.1991,-0.5249,-0.572,9.7759,-0.0059,-0.0136,-0.0916
29529,46.878654,-1.287558,82.99,24.65,24.656,336.7,0 / 23,1556246,2019-08-12 13:45:41:682,-0.0686,-1.3975,10.1991,-0.5249,-0.572,9.7759,-0.0059,-0.0136,-0.0916
29530,46.878654,-1.287558,82.99,24.65,24.656,336.7,0 / 23,1556247,2019-08-12 13:45:41:683,-0.0686,-1.3975,10.1991,-0.5249,-0.572,9.7759,-0.0059,-0.0136,-0.0916
29531,46.878654,-1.287558,82.99,24.65,24.656,336.7,0 / 23,1556247,2019-08-12 13:45:41:683,-0.0686,-1.3975,10.1991,-0.5249,-0.572,9.7759,-0.0059,-0.0136,-0.0916
29532,46.878654,-1.287558,82.99,24.65,24.656,336.7,0 / 23,1556248,2019-08-12 13:45:41:684,-0.0686,-1.3975,10.1991,-0.5249,-0.572,9.7759,-0.0059,-0.0136,-0.0916
29533,46.878654,-1.287558,82.99,24.65,24.656,336.7,0 / 23,1556248,2019-08-12 13:45:41:684,-0.0686,-1.3975,10.1991,-0.5249,-0.572,9.7759,-0.0059,-0.0136,-0.0916
29534,46.878654,-1.287558,82.99,24.65,24.656,336.7,0 / 23,1556249,2019-08-12 13:45:41:685,-0.0686,-1.3975,10.1991,-0.5249,-0.572,9.7759,-0.0059,-0.0136,-0.0916
29535,46.878654,-1.287558,82.99,24.65,24.656,336.7,0 / 23,1556249,2019-08-12 13:45:41:685,-0.0686,-1.3975,10.1991,-0.5249,-0.572,9.7759,-0.0059,-0.0136,-0.0916
29536,46.878654,-1.287558,82.99,24.65,24.656,336.7,0 / 23,1556249,2019-08-12 13:45:41:685,-0.0686,-1.3975,10.1991,-0.5249,-0.572,9.7759,-0.0059,-0.0136,-0.0916
29537,46.878654,-1.287558,82.99,24.65,24.656,336.7,0 / 23,1556264,2019-08-12 13:45:41:700,-0.0686,-1.3975,10.1991,-0.5249,-0.572,9.7759,-0.0059,-0.0136,-0.0916
29538,46.878654,-1.287558,82.99,24.65,24.656,336.7,0 / 23,1556364,2019-08-12 13:45:41:800,-0.0686,-1.3975,10.1991,-0.5249,-0.572,9.7759,-0.0059,-0.0136,-0.0916
29539,46.878654,-1.287558,82.99,24.65,24.656,336.7,0 / 23,1556683,2019-08-12 13:45:42:119,-0.0686,-1.3975,10.1991,-0.5249,-0.572,9.7759,-0.0059,-0.0136,-0.0916
29540,46.878654,-1.287558,82.99,24.65,24.656,336.7,0 / 23,1556684,2019-08-12 13:45:42:120,-0.0686,-1.3975,10.1991,-0.5249,-0.572,9.7759,-0.0059,-0.0136,-0.0916
29541,46.878654,-1.287558,82.99,24.65,24.656,336.7,0 / 23,1556684,2019-08-12 13:45:42:120,-0.0686,-1.3975,10.1991,-0.5249,-0.572,9.7759,-0.0059,-0.0136,-0.0916
29542,46.878654,-1.287558,82.99,24.65,24.656,336.7,0 / 23,1556685,2019-08-12 13:45:42:121,-0.0686,-1.3975,10.1991,-0.5249,-0.572,9.7759,-0.0059,-0.0136,-0.0916
29543,46.878654,-1.287558,82.99,24.65,24.656,336.7,0 / 23,1556685,2019-08-12 13:45:42:121,-0.0686,-1.3975,10.1991,-0.5249,-0.572,9.7759,-0.0059,-0.0136,-0.0916
29544,46.878654,-1.287558,82.99,24.65,24.656,336.7,0 / 23,1556685,2019-08-12 13:45:42:121,-0.0686,-1.3975,10.1991,-0.5249,-0.572,9.7759,-0.0059,-0.0136,-0.0916
29545,46.878654,-1.287558,82.99,24.65,24.656,336.7,0 / 23,1556686,2019-08-12 13:45:42:122,-0.0686,-1.3975,10.1991,-0.5249,-0.572,9.7759,-0.0059,-0.0136,-0.0916
29546,46.878654,-1.287558,82.99,24.65,24.656,336.7,0 / 23,1556686,2019-08-12 13:45:42:122,-0.0686,-1.3975,10.1991,-0.5249,-0.572,9.7759,-0.0059,-0.0136,-0.0916
29547,46.878654,-1.287558,82.99,24.65,24.656,336.7,Dec-23,1556727,2019-08-12 13:45:42:163,-0.0686,-1.3975,10.1991,-0.5249,-0.572,9.7759,-0.0059,-0.0136,-0.0916
29548,46.878654,-1.287558,82.99,24.65,24.656,336.7,Dec-23,1556827,2019-08-12 13:45:42:263,-0.0686,-1.3975,10.1991,-0.5249,-0.572,9.7759,-0.0059,-0.0136,-0.0916
29549,46.878654,-1.287558,82.99,24.65,24.656,336.7,0 / 23,1557139,2019-08-12 13:45:42:575,-0.0686,-1.3975,10.1991,-0.5249,-0.572,9.7759,-0.0059,-0.0136,-0.0916
29550,46.878654,-1.287558,82.99,24.65,24.656,336.7,0 / 23,1557140,2019-08-12 13:45:42:576,-0.0686,-1.3975,10.1991,-0.5249,-0.572,9.7759,-0.0059,-0.0136,-0.0916
29551,46.878654,-1.287558,82.99,24.65,24.656,336.7,0 / 23,1557141,2019-08-12 13:45:42:577,-0.0686,-1.3975,10.1991,-0.5249,-0.572,9.7759,-0.0059,-0.0136,-0.0916
29552,46.878654,-1.287558,82.99,24.65,24.656,336.7,0 / 23,1557141,2019-08-12 13:45:42:577,-0.0686,-1.3975,10.1991,-0.5249,-0.572,9.7759,-0.0059,-0.0136,-0.0916
29553,46.878654,-1.287558,82.99,24.65,24.656,336.7,0 / 23,1557142,2019-08-12 13:45:42:578,-0.0686,-1.3975,10.1991,-0.5249,-0.572,9.7759,-0.0059,-0.0136,-0.0916
29554,46.878654,-1.287558,82.99,24.65,24.656,336.7,0 / 23,1557142,2019-08-12 13:45:42:578,-0.0686,-1.3975,10.1991,-0.5249,-0.572,9.7759,-0.0059,-0.0136,-0.0916
29555,46.878654,-1.287558,82.99,24.65,24.656,336.7,0 / 23,1557143,2019-08-12 13:45:42:579,-0.0686,-1.3975,10.1991,-0.5249,-0.572,9.7759,-0.0059,-0.0136,-0.0916
29556,46.878654,-1.287558,82.99,24.65,24.656,336.7,0 / 23,1557143,2019-08-12 13:45:42:579,-0.0686,-1.3975,10.1991,-0.5249,-0.572,9.7759,-0.0059,-0.0136,-0.0916
29557,46.878654,-1.287558,82.99,24.65,24.656,336.7,0 / 23,1557179,2019-08-12 13:45:42:615,-0.0686,-1.3975,10.1991,-0.5249,-0.572,9.7759,-0.0059,-0.0136,-0.0916
29558,46.878654,-1.287558,82.99,24.65,24.656,336.7,0 / 23,1557279,2019-08-12 13:45:42:715,-0.0686,-1.3975,10.1991,-0.5249,-0.572,9.7759,-0.0059,-0.0136,-0.0916
29559,46.878654,-1.287558,82.99,24.65,24.656,336.7,0 / 23,1557605,2019-08-12 13:45:43:041,-0.0686,-1.3975,10.1991,-0.5249,-0.572,9.7759,-0.0059,-0.0136,-0.0916
29560,46.878654,-1.287558,82.99,24.65,24.656,336.7,0 / 23,1557606,2019-08-12 13:45:43:042,-0.0686,-1.3975,10.1991,-0.5249,-0.572,9.7759,-0.0059,-0.0136,-0.0916
29561,46.878654,-1.287558,82.99,24.65,24.656,336.7,0 / 23,1557606,2019-08-12 13:45:43:042,-0.0686,-1.3975,10.1991,-0.5249,-0.572,9.7759,-0.0059,-0.0136,-0.0916
29562,46.878654,-1.287558,82.99,24.65,24.656,336.7,0 / 23,1557607,2019-08-12 13:45:43:043,-0.0686,-1.3975,10.1991,-0.5249,-0.572,9.7759,-0.0059,-0.0136,-0.0916
29563,46.878654,-1.287558,82.99,24.65,24.656,336.7,0 / 23,1557607,2019-08-12 13:45:43:043,-0.0686,-1.3975,10.1991,-0.5249,-0.572,9.7759,-0.0059,-0.0136,-0.0916
29564,46.878654,-1.287558,82.99,24.65,24.656,336.7,0 / 23,1557607,2019-08-12 13:45:43:043,-0.0686,-1.3975,10.1991,-0.5249,-0.572,9.7759,-0.0059,-0.0136,-0.0916
29565,46.878654,-1.287558,82.99,24.65,24.656,336.7,0 / 23,1557608,2019-08-12 13:45:43:044,-0.0686,-1.3975,10.1991,-0.5249,-0.572,9.7759,-0.0059,-0.0136,-0.0916
29566,46.878654,-1.287558,82.99,24.65,24.656,336.7,0 / 23,1557608,2019-08-12 13:45:43:044,-0.0686,-1.3975,10.1991,-0.5249,-0.572,9.7759,-0.0059,-0.0136,-0.0916
29567,46.878654,-1.287558,82.99,24.65,24.656,336.7,0 / 23,1557648,2019-08-12 13:45:43:084,-0.0686,-1.3975,10.1991,-0.5249,-0.572,9.7759,-0.0059,-0.0136,-0.0916
29568,46.878654,-1.287558,82.99,24.65,24.656,336.7,0 / 23,1557748,2019-08-12 13:45:43:184,-0.0686,-1.3975,10.1991,-0.5249,-0.572,9.7759,-0.0059,-0.0136,-0.0916
29569,46.878654,-1.287558,82.99,24.65,24.656,336.7,0 / 23,1558072,2019-08-12 13:45:43:508,-0.0686,-1.3975,10.1991,-0.5249,-0.572,9.7759,-0.0059,-0.0136,-0.0916
29570,46.878654,-1.287558,82.99,24.65,24.656,336.7,0 / 23,1558073,2019-08-12 13:45:43:509,-0.0686,-1.3975,10.1991,-0.5249,-0.572,9.7759,-0.0059,-0.0136,-0.0916
29571,46.878654,-1.287558,82.99,24.65,24.656,336.7,0 / 23,1558074,2019-08-12 13:45:43:510,-0.0686,-1.3975,10.1991,-0.5249,-0.572,9.7759,-0.0059,-0.0136,-0.0916
29572,46.878654,-1.287558,82.99,24.65,24.656,336.7,0 / 23,1558074,2019-08-12 13:45:43:510,-0.0686,-1.3975,10.1991,-0.5249,-0.572,9.7759,-0.0059,-0.0136,-0.0916
29573,46.878654,-1.287558,82.99,24.65,24.656,336.7,0 / 23,1558075,2019-08-12 13:45:43:511,-0.0686,-1.3975,10.1991,-0.5249,-0.572,9.7759,-0.0059,-0.0136,-0.0916
29574,46.878654,-1.287558,82.99,24.65,24.656,336.7,0 / 23,1558075,2019-08-12 13:45:43:511,-0.0686,-1.3975,10.1991,-0.5249,-0.572,9.7759,-0.0059,-0.0136,-0.0916
29575,46.878654,-1.287558,82.99,24.65,24.656,336.7,0 / 23,1558076,2019-08-12 13:45:43:512,-0.0686,-1.3975,10.1991,-0.5249,-0.572,9.7759,-0.0059,-0.0136,-0.0916
29576,46.878654,-1.287558,82.99,24.65,24.656,336.7,0 / 23,1558076,2019-08-12 13:45:43:512,-0.0686,-1.3975,10.1991,-0.5249,-0.572,9.7759,-0.0059,-0.0136,-0.0916
29577,46.878654,-1.287558,82.99,24.65,24.656,336.7,0 / 23,1558111,2019-08-12 13:45:43:547,-0.0686,-1.3975,10.1991,-0.5249,-0.572,9.7759,-0.0059,-0.0136,-0.0916
29578,46.878654,-1.287558,82.99,24.65,24.656,336.7,0 / 23,1558212,2019-08-12 13:45:43:648,-0.0686,-1.3975,10.1991,-0.5249,-0.572,9.7759,-0.0059,-0.0136,-0.0916
29579,46.878654,-1.287558,82.99,24.65,24.656,336.7,0 / 23,1558550,2019-08-12 13:45:43:986,-0.0686,-1.3975,10.1991,-0.5249,-0.572,9.7759,-0.0059,-0.0136,-0.0916
29580,46.878654,-1.287558,82.99,24.65,24.656,336.7,0 / 23,1558551,2019-08-12 13:45:43:987,-0.0686,-1.3975,10.1991,-0.5249,-0.572,9.7759,-0.0059,-0.0136,-0.0916
29581,46.878654,-1.287558,82.99,24.65,24.656,336.7,0 / 23,1558551,2019-08-12 13:45:43:987,-0.0686,-1.3975,10.1991,-0.5249,-0.572,9.7759,-0.0059,-0.0136,-0.0916
29582,46.878654,-1.287558,82.99,24.65,24.656,336.7,0 / 23,1558552,2019-08-12 13:45:43:988,-0.0686,-1.3975,10.1991,-0.5249,-0.572,9.7759,-0.0059,-0.0136,-0.0916
29583,46.878654,-1.287558,82.99,24.65,24.656,336.7,0 / 23,1558552,2019-08-12 13:45:43:988,-0.0686,-1.3975,10.1991,-0.5249,-0.572,9.7759,-0.0059,-0.0136,-0.0916
29584,46.878654,-1.287558,82.99,24.65,24.656,336.7,0 / 23,1558553,2019-08-12 13:45:43:989,-0.0686,-1.3975,10.1991,-0.5249,-0.572,9.7759,-0.0059,-0.0136,-0.0916
29585,46.878654,-1.287558,82.99,24.65,24.656,336.7,0 / 23,1558553,2019-08-12 13:45:43:989,-0.0686,-1.3975,10.1991,-0.5249,-0.572,9.7759,-0.0059,-0.0136,-0.0916
29586,46.878654,-1.287558,82.99,24.65,24.656,336.7,0 / 23,1558553,2019-08-12 13:45:43:989,-0.0686,-1.3975,10.1991,-0.5249,-0.572,9.7759,-0.0059,-0.0136,-0.0916
29587,46.878654,-1.287558,82.99,24.65,24.656,336.7,0 / 23,1558585,2019-08-12 13:45:44:021,-0.0686,-1.3975,10.1991,-0.5249,-0.572,9.7759,-0.0059,-0.0136,-0.0916
29588,46.880924,-1.289,92.42,27.32,47.168,334.3,0 / 23,1558685,2019-08-12 13:45:44:121,-0.0686,-1.3975,10.1991,-0.5249,-0.572,9.7759,-0.0059,-0.0136,-0.0916
29589,46.880924,-1.289,92.42,27.32,47.168,334.3,0 / 23,1559013,2019-08-12 13:45:44:449,-0.0686,-1.3975,10.1991,-0.5249,-0.572,9.7759,-0.0059,-0.0136,-0.0916
29590,46.880924,-1.289,92.42,27.32,47.168,334.3,0 / 23,1559014,2019-08-12 13:45:44:450,-0.0686,-1.3975,10.1991,-0.5249,-0.572,9.7759,-0.0059,-0.0136,-0.0916
29591,46.880924,-1.289,92.42,27.32,47.168,334.3,0 / 23,1559015,2019-08-12 13:45:44:451,-0.0686,-1.3975,10.1991,-0.5249,-0.572,9.7759,-0.0059,-0.0136,-0.0916
29592,46.880924,-1.289,92.42,27.32,47.168,334.3,0 / 23,1559015,2019-08-12 13:45:44:451,-0.0686,-1.3975,10.1991,-0.5249,-0.572,9.7759,-0.0059,-0.0136,-0.0916
29593,46.880924,-1.289,92.42,27.32,47.168,334.3,0 / 23,1559016,2019-08-12 13:45:44:452,-0.0686,-1.3975,10.1991,-0.5249,-0.572,9.7759,-0.0059,-0.0136,-0.0916
29594,46.880924,-1.289,92.42,27.32,47.168,334.3,0 / 23,1559016,2019-08-12 13:45:44:452,-0.0686,-1.3975,10.1991,-0.5249,-0.572,9.7759,-0.0059,-0.0136,-0.0916
29595,46.880924,-1.289,92.42,27.32,47.168,334.3,0 / 23,1559017,2019-08-12 13:45:44:453,-0.0686,-1.3975,10.1991,-0.5249,-0.572,9.7759,-0.0059,-0.0136,-0.0916
29596,46.880924,-1.289,92.42,27.32,47.168,334.3,0 / 23,1559017,2019-08-12 13:45:44:453,-0.0686,-1.3975,10.1991,-0.5249,-0.572,9.7759,-0.0059,-0.0136,-0.0916
29597,46.880924,-1.289,92.42,27.32,47.168,334.3,0 / 23,1559018,2019-08-12 13:45:44:454,-0.0686,-1.3975,10.1991,-0.5249,-0.572,9.7759,-0.0059,-0.0136,-0.0916
29598,46.880924,-1.289,92.42,27.32,47.168,334.3,0 / 23,1559018,2019-08-12 13:45:44:454,-0.0686,-1.3975,10.1991,-0.5249,-0.572,9.7759,-0.0059,-0.0136,-0.0916
29599,46.880924,-1.289,92.42,27.32,47.168,334.3,0 / 23,1559019,2019-08-12 13:45:44:455,-0.0686,-1.3975,10.1991,-0.5249,-0.572,9.7759,-0.0059,-0.0136,-0.0916
29600,46.880924,-1.289,92.42,27.32,47.168,334.3,0 / 23,1559023,2019-08-12 13:45:44:459,-0.0686,-1.3975,10.1991,-0.5249,-0.572,9.7759,-0.0059,-0.0136,-0.0916
29601,46.880924,-1.289,92.42,27.32,47.168,334.3,0 / 23,1559024,2019-08-12 13:45:44:460,-0.0686,-1.3975,10.1991,-0.5249,-0.572,9.7759,-0.0059,-0.0136,-0.0916
29602,46.880924,-1.289,92.42,27.32,47.168,334.3,0 / 23,1559024,2019-08-12 13:45:44:460,-0.0686,-1.3975,10.1991,-0.5249,-0.572,9.7759,-0.0059,-0.0136,-0.0916
29603,46.880924,-1.289,92.42,27.32,47.168,334.3,0 / 23,1559025,2019-08-12 13:45:44:461,-0.0686,-1.3975,10.1991,-0.5249,-0.572,9.7759,-0.0059,-0.0136,-0.0916
29604,46.880924,-1.289,92.42,27.32,47.168,334.3,0 / 23,1559025,2019-08-12 13:45:44:461,-0.0686,-1.3975,10.1991,-0.5249,-0.572,9.7759,-0.0059,-0.0136,-0.0916
29605,46.880924,-1.289,92.42,27.32,47.168,334.3,0 / 23,1559026,2019-08-12 13:45:44:462,-0.0686,-1.3975,10.1991,-0.5249,-0.572,9.7759,-0.0059,-0.0136,-0.0916
29606,46.880924,-1.289,92.42,27.32,47.168,334.3,0 / 23,1559026,2019-08-12 13:45:44:462,-0.0686,-1.3975,10.1991,-0.5249,-0.572,9.7759,-0.0059,-0.0136,-0.0916
29607,46.880924,-1.289,92.42,27.32,47.168,334.3,0 / 23,1559026,2019-08-12 13:45:44:462,-0.0686,-1.3975,10.1991,-0.5249,-0.572,9.7759,-0.0059,-0.0136,-0.0916
29608,46.880924,-1.289,92.42,27.32,47.168,334.3,0 / 23,1559027,2019-08-12 13:45:44:463,-0.0686,-1.3975,10.1991,-0.5249,-0.572,9.7759,-0.0059,-0.0136,-0.0916
29609,46.880924,-1.289,92.42,27.32,47.168,334.3,0 / 23,1559027,2019-08-12 13:45:44:463,-0.0686,-1.3975,10.1991,-0.5249,-0.572,9.7759,-0.0059,-0.0136,-0.0916
29610,46.880924,-1.289,92.42,27.32,47.168,334.3,0 / 23,1559027,2019-08-12 13:45:44:463,-0.0686,-1.3975,10.1991,-0.5249,-0.572,9.7759,-0.0059,-0.0136,-0.0916
29611,46.880924,-1.289,92.42,27.32,47.168,334.3,0 / 23,1559028,2019-08-12 13:45:44:464,-0.0686,-1.3975,10.1991,-0.5249,-0.572,9.7759,-0.0059,-0.0136,-0.0916
29612,46.880924,-1.289,92.42,27.32,47.168,334.3,0 / 23,1559028,2019-08-12 13:45:44:464,-0.0686,-1.3975,10.1991,-0.5249,-0.572,9.7759,-0.0059,-0.0136,-0.0916
29613,46.880924,-1.289,92.42,27.32,47.168,334.3,0 / 23,1559029,2019-08-12 13:45:44:465,-0.0686,-1.3975,10.1991,-0.5249,-0.572,9.7759,-0.0059,-0.0136,-0.0916
29614,46.880924,-1.289,92.42,27.32,47.168,334.3,0 / 23,1559029,2019-08-12 13:45:44:465,-0.0686,-1.3975,10.1991,-0.5249,-0.572,9.7759,-0.0059,-0.0136,-0.0916
29615,46.880924,-1.289,92.42,27.32,47.168,334.3,0 / 23,1559029,2019-08-12 13:45:44:465,-0.0686,-1.3975,10.1991,-0.5249,-0.572,9.7759,-0.0059,-0.0136,-0.0916
29616,46.880924,-1.289,92.42,27.32,47.168,334.3,0 / 23,1559030,2019-08-12 13:45:44:466,-0.0686,-1.3975,10.1991,-0.5249,-0.572,9.7759,-0.0059,-0.0136,-0.0916
29617,46.880924,-1.289,92.42,27.32,47.168,334.3,0 / 23,1559031,2019-08-12 13:45:44:467,-0.0686,-1.3975,10.1991,-0.5249,-0.572,9.7759,-0.0059,-0.0136,-0.0916
29618,46.880924,-1.289,92.42,27.32,47.168,334.3,0 / 23,1559031,2019-08-12 13:45:44:467,-0.0686,-1.3975,10.1991,-0.5249,-0.572,9.7759,-0.0059,-0.0136,-0.0916
29619,46.880924,-1.289,92.42,27.32,47.168,334.3,0 / 23,1559032,2019-08-12 13:45:44:468,-0.0686,-1.3975,10.1991,-0.5249,-0.572,9.7759,-0.0059,-0.0136,-0.0916
29620,46.880924,-1.289,92.42,27.32,47.168,334.3,0 / 23,1559032,2019-08-12 13:45:44:468,-0.0686,-1.3975,10.1991,-0.5249,-0.572,9.7759,-0.0059,-0.0136,-0.0916
29621,46.880924,-1.289,92.42,27.32,47.168,334.3,0 / 23,1559032,2019-08-12 13:45:44:468,-0.0686,-1.3975,10.1991,-0.5249,-0.572,9.7759,-0.0059,-0.0136,-0.0916
29622,46.880924,-1.289,92.42,27.32,47.168,334.3,0 / 23,1559033,2019-08-12 13:45:44:469,-0.0686,-1.3975,10.1991,-0.5249,-0.572,9.7759,-0.0059,-0.0136,-0.0916
29623,46.880924,-1.289,92.42,27.32,47.168,334.3,0 / 23,1559033,2019-08-12 13:45:44:469,-0.0686,-1.3975,10.1991,-0.5249,-0.572,9.7759,-0.0059,-0.0136,-0.0916
29624,46.880924,-1.289,92.42,27.32,47.168,334.3,0 / 23,1559033,2019-08-12 13:45:44:469,-0.0686,-1.3975,10.1991,-0.5249,-0.572,9.7759,-0.0059,-0.0136,-0.0916
29625,46.880924,-1.289,92.42,27.32,47.168,334.3,0 / 23,1559035,2019-08-12 13:45:44:471,-0.0686,-1.3975,10.1991,-0.5249,-0.572,9.7759,-0.0059,-0.0136,-0.0916
29626,46.880924,-1.289,92.42,27.32,47.168,334.3,0 / 23,1559035,2019-08-12 13:45:44:471,-0.0686,-1.3975,10.1991,-0.5249,-0.572,9.7759,-0.0059,-0.0136,-0.0916
29627,46.880924,-1.289,92.42,27.32,47.168,334.3,0 / 23,1559066,2019-08-12 13:45:44:502,-0.0686,-1.3975,10.1991,-0.5249,-0.572,9.7759,-0.0059,-0.0136,-0.0916
29628,46.880924,-1.289,92.42,27.32,47.168,334.3,0 / 23,1559166,2019-08-12 13:45:44:602,-0.0686,-1.3975,10.1991,-0.5249,-0.572,9.7759,-0.0059,-0.0136,-0.0916
29629,46.880924,-1.289,92.42,27.32,47.168,334.3,0 / 23,1559505,2019-08-12 13:45:44:941,-0.0686,-1.3975,10.1991,-0.5249,-0.572,9.7759,-0.0059,-0.0136,-0.0916
29630,46.880924,-1.289,92.42,27.32,47.168,334.3,0 / 23,1559506,2019-08-12 13:45:44:942,-0.0686,-1.3975,10.1991,-0.5249,-0.572,9.7759,-0.0059,-0.0136,-0.0916
29631,46.880924,-1.289,92.42,27.32,47.168,334.3,0 / 23,1559507,2019-08-12 13:45:44:943,-0.0686,-1.3975,10.1991,-0.5249,-0.572,9.7759,-0.0059,-0.0136,-0.0916
29632,46.880924,-1.289,92.42,27.32,47.168,334.3,Oct-23,1559507,2019-08-12 13:45:44:943,-0.0686,-1.3975,10.1991,-0.5249,-0.572,9.7759,-0.0059,-0.0136,-0.0916
29633,46.880924,-1.289,92.42,27.32,47.168,334.3,Oct-23,1559508,2019-08-12 13:45:44:944,-0.0686,-1.3975,10.1991,-0.5249,-0.572,9.7759,-0.0059,-0.0136,-0.0916
29634,46.880924,-1.289,92.42,27.32,47.168,334.3,Oct-23,1559508,2019-08-12 13:45:44:944,-0.0686,-1.3975,10.1991,-0.5249,-0.572,9.7759,-0.0059,-0.0136,-0.0916
29635,46.880924,-1.289,92.42,27.32,47.168,334.3,Oct-23,1559508,2019-08-12 13:45:44:944,-0.0686,-1.3975,10.1991,-0.5249,-0.572,9.7759,-0.0059,-0.0136,-0.0916
29636,46.880924,-1.289,92.42,27.32,47.168,334.3,Oct-23,1559509,2019-08-12 13:45:44:945,-0.0686,-1.3975,10.1991,-0.5249,-0.572,9.7759,-0.0059,-0.0136,-0.0916
29637,46.880924,-1.289,92.42,27.32,47.168,334.3,Oct-23,1559547,2019-08-12 13:45:44:983,-0.0686,-1.3975,10.1991,-0.5249,-0.572,9.7759,-0.0059,-0.0136,-0.0916
29638,46.880924,-1.289,92.42,27.32,47.168,334.3,Oct-23,1559647,2019-08-12 13:45:45:083,-0.0686,-1.3975,10.1991,-0.5249,-0.572,9.7759,-0.0059,-0.0136,-0.0916
29639,46.880924,-1.289,92.42,27.32,47.168,334.3,Oct-23,1559972,2019-08-12 13:45:45:408,-0.0686,-1.3975,10.1991,-0.5249,-0.572,9.7759,-0.0059,-0.0136,-0.0916
29640,46.880924,-1.289,92.42,27.32,47.168,334.3,Oct-23,1559973,2019-08-12 13:45:45:409,-0.0686,-1.3975,10.1991,-0.5249,-0.572,9.7759,-0.0059,-0.0136,-0.0916
29641,46.880924,-1.289,92.42,27.32,47.168,334.3,Oct-23,1559973,2019-08-12 13:45:45:409,-0.0686,-1.3975,10.1991,-0.5249,-0.572,9.7759,-0.0059,-0.0136,-0.0916
29642,46.880924,-1.289,92.42,27.32,47.168,334.3,Oct-23,1559974,2019-08-12 13:45:45:410,-0.0686,-1.3975,10.1991,-0.5249,-0.572,9.7759,-0.0059,-0.0136,-0.0916
29643,46.880924,-1.289,92.42,27.32,47.168,334.3,Oct-23,1559974,2019-08-12 13:45:45:410,-0.0686,-1.3975,10.1991,-0.5249,-0.572,9.7759,-0.0059,-0.0136,-0.0916
29644,46.880924,-1.289,92.42,27.32,47.168,334.3,Oct-23,1559975,2019-08-12 13:45:45:411,-0.0686,-1.3975,10.1991,-0.5249,-0.572,9.7759,-0.0059,-0.0136,-0.0916
29645,46.880924,-1.289,92.42,27.32,47.168,334.3,Oct-23,1559976,2019-08-12 13:45:45:412,-0.0686,-1.3975,10.1991,-0.5249,-0.572,9.7759,-0.0059,-0.0136,-0.0916
29646,46.880924,-1.289,92.42,27.32,47.168,334.3,Oct-23,1559976,2019-08-12 13:45:45:412,-0.0686,-1.3975,10.1991,-0.5249,-0.572,9.7759,-0.0059,-0.0136,-0.0916
29647,46.880924,-1.289,92.42,27.32,47.168,334.3,0 / 23,1560015,2019-08-12 13:45:45:451,-0.0686,-1.3975,10.1991,-0.5249,-0.572,9.7759,-0.0059,-0.0136,-0.0916
29648,46.880924,-1.289,92.42,27.32,47.168,334.3,0 / 23,1560115,2019-08-12 13:45:45:551,-0.0686,-1.3975,10.1991,-0.5249,-0.572,9.7759,-0.0059,-0.0136,-0.0916
29649,46.880924,-1.289,92.42,27.32,47.168,334.3,0 / 23,1560436,2019-08-12 13:45:45:872,-0.0686,-1.3975,10.1991,-0.5249,-0.572,9.7759,-0.0059,-0.0136,-0.0916
29650,46.880924,-1.289,92.42,27.32,47.168,334.3,0 / 23,1560437,2019-08-12 13:45:45:873,-0.0686,-1.3975,10.1991,-0.5249,-0.572,9.7759,-0.0059,-0.0136,-0.0916
29651,46.880924,-1.289,92.42,27.32,47.168,334.3,0 / 23,1560437,2019-08-12 13:45:45:873,-0.0686,-1.3975,10.1991,-0.5249,-0.572,9.7759,-0.0059,-0.0136,-0.0916
29652,46.880924,-1.289,92.42,27.32,47.168,334.3,0 / 23,1560438,2019-08-12 13:45:45:874,-0.0686,-1.3975,10.1991,-0.5249,-0.572,9.7759,-0.0059,-0.0136,-0.0916
29653,46.880924,-1.289,92.42,27.32,47.168,334.3,0 / 23,1560438,2019-08-12 13:45:45:874,-0.0686,-1.3975,10.1991,-0.5249,-0.572,9.7759,-0.0059,-0.0136,-0.0916
29654,46.880924,-1.289,92.42,27.32,47.168,334.3,0 / 23,1560439,2019-08-12 13:45:45:875,-0.0686,-1.3975,10.1991,-0.5249,-0.572,9.7759,-0.0059,-0.0136,-0.0916
29655,46.880924,-1.289,92.42,27.32,47.168,334.3,0 / 23,1560439,2019-08-12 13:45:45:875,-0.0686,-1.3975,10.1991,-0.5249,-0.572,9.7759,-0.0059,-0.0136,-0.0916
29656,46.880924,-1.289,92.42,27.32,47.168,334.3,0 / 23,1560440,2019-08-12 13:45:45:876,-0.0686,-1.3975,10.1991,-0.5249,-0.572,9.7759,-0.0059,-0.0136,-0.0916
29657,46.880924,-1.289,92.42,27.32,47.168,334.3,0 / 23,1560474,2019-08-12 13:45:45:910,-0.0686,-1.3975,10.1991,-0.5249,-0.572,9.7759,-0.0059,-0.0136,-0.0916
29658,46.880924,-1.289,92.42,27.32,47.168,334.3,0 / 23,1560575,2019-08-12 13:45:46:011,-0.0686,-1.3975,10.1991,-0.5249,-0.572,9.7759,-0.0059,-0.0136,-0.0916
29659,46.880924,-1.289,92.42,27.32,47.168,334.3,0 / 23,1560911,2019-08-12 13:45:46:347,-0.0686,-1.3975,10.1991,-0.5249,-0.572,9.7759,-0.0059,-0.0136,-0.0916
29660,46.880924,-1.289,92.42,27.32,47.168,334.3,0 / 23,1560912,2019-08-12 13:45:46:348,-0.0686,-1.3975,10.1991,-0.5249,-0.572,9.7759,-0.0059,-0.0136,-0.0916
29661,46.880924,-1.289,92.42,27.32,47.168,334.3,0 / 23,1560912,2019-08-12 13:45:46:348,-0.0686,-1.3975,10.1991,-0.5249,-0.572,9.7759,-0.0059,-0.0136,-0.0916
29662,46.880924,-1.289,92.42,27.32,47.168,334.3,0 / 23,1560913,2019-08-12 13:45:46:349,-0.0686,-1.3975,10.1991,-0.5249,-0.572,9.7759,-0.0059,-0.0136,-0.0916
29663,46.880924,-1.289,92.42,27.32,47.168,334.3,0 / 23,1560913,2019-08-12 13:45:46:349,-0.0686,-1.3975,10.1991,-0.5249,-0.572,9.7759,-0.0059,-0.0136,-0.0916
29664,46.880924,-1.289,92.42,27.32,47.168,334.3,0 / 23,1560913,2019-08-12 13:45:46:349,-0.0686,-1.3975,10.1991,-0.5249,-0.572,9.7759,-0.0059,-0.0136,-0.0916
29665,46.880924,-1.289,92.42,27.32,47.168,334.3,0 / 23,1560914,2019-08-12 13:45:46:350,-0.0686,-1.3975,10.1991,-0.5249,-0.572,9.7759,-0.0059,-0.0136,-0.0916
29666,46.880924,-1.289,92.42,27.32,47.168,334.3,0 / 23,1560917,2019-08-12 13:45:46:353,-0.0686,-1.3975,10.1991,-0.5249,-0.572,9.7759,-0.0059,-0.0136,-0.0916
29667,46.880924,-1.289,92.42,27.32,47.168,334.3,0 / 23,1560918,2019-08-12 13:45:46:354,-0.0686,-1.3975,10.1991,-0.5249,-0.572,9.7759,-0.0059,-0.0136,-0.0916
29668,46.880924,-1.289,92.42,27.32,47.168,334.3,0 / 23,1560918,2019-08-12 13:45:46:354,-0.0686,-1.3975,10.1991,-0.5249,-0.572,9.7759,-0.0059,-0.0136,-0.0916
29669,46.880924,-1.289,92.42,27.32,47.168,334.3,0 / 23,1560919,2019-08-12 13:45:46:355,-0.0686,-1.3975,10.1991,-0.5249,-0.572,9.7759,-0.0059,-0.0136,-0.0916
29670,46.880924,-1.289,92.42,27.32,47.168,334.3,0 / 23,1560919,2019-08-12 13:45:46:355,-0.0686,-1.3975,10.1991,-0.5249,-0.572,9.7759,-0.0059,-0.0136,-0.0916
29671,46.880924,-1.289,92.42,27.32,47.168,334.3,0 / 23,1560920,2019-08-12 13:45:46:356,-0.0686,-1.3975,10.1991,-0.5249,-0.572,9.7759,-0.0059,-0.0136,-0.0916
29672,46.880924,-1.289,92.42,27.32,47.168,334.3,0 / 23,1560920,2019-08-12 13:45:46:356,-0.0686,-1.3975,10.1991,-0.5249,-0.572,9.7759,-0.0059,-0.0136,-0.0916
29673,46.880924,-1.289,92.42,27.32,47.168,334.3,0 / 23,1560920,2019-08-12 13:45:46:356,-0.0686,-1.3975,10.1991,-0.5249,-0.572,9.7759,-0.0059,-0.0136,-0.0916
29674,46.880924,-1.289,92.42,27.32,47.168,334.3,0 / 23,1560921,2019-08-12 13:45:46:357,-0.0686,-1.3975,10.1991,-0.5249,-0.572,9.7759,-0.0059,-0.0136,-0.0916
29675,46.880924,-1.289,92.42,27.32,47.168,334.3,0 / 23,1560921,2019-08-12 13:45:46:357,-0.0686,-1.3975,10.1991,-0.5249,-0.572,9.7759,-0.0059,-0.0136,-0.0916
29676,46.880924,-1.289,92.42,27.32,47.168,334.3,0 / 23,1560922,2019-08-12 13:45:46:358,-0.0686,-1.3975,10.1991,-0.5249,-0.572,9.7759,-0.0059,-0.0136,-0.0916
29677,46.880924,-1.289,92.42,27.32,47.168,334.3,0 / 23,1560922,2019-08-12 13:45:46:358,-0.0686,-1.3975,10.1991,-0.5249,-0.572,9.7759,-0.0059,-0.0136,-0.0916
29678,46.880924,-1.289,92.42,27.32,47.168,334.3,0 / 23,1560923,2019-08-12 13:45:46:359,-0.0686,-1.3975,10.1991,-0.5249,-0.572,9.7759,-0.0059,-0.0136,-0.0916
29679,46.880924,-1.289,92.42,27.32,47.168,334.3,0 / 23,1560923,2019-08-12 13:45:46:359,-0.0686,-1.3975,10.1991,-0.5249,-0.572,9.7759,-0.0059,-0.0136,-0.0916
29680,46.880924,-1.289,92.42,27.32,47.168,334.3,0 / 23,1560923,2019-08-12 13:45:46:359,-0.0686,-1.3975,10.1991,-0.5249,-0.572,9.7759,-0.0059,-0.0136,-0.0916
29681,46.880924,-1.289,92.42,27.32,47.168,334.3,0 / 23,1560924,2019-08-12 13:45:46:360,-0.0686,-1.3975,10.1991,-0.5249,-0.572,9.7759,-0.0059,-0.0136,-0.0916
29682,46.880924,-1.289,92.42,27.32,47.168,334.3,0 / 23,1560924,2019-08-12 13:45:46:360,-0.0686,-1.3975,10.1991,-0.5249,-0.572,9.7759,-0.0059,-0.0136,-0.0916
29683,46.880924,-1.289,92.42,27.32,47.168,334.3,0 / 23,1560926,2019-08-12 13:45:46:362,-0.0686,-1.3975,10.1991,-0.5249,-0.572,9.7759,-0.0059,-0.0136,-0.0916
29684,46.880924,-1.289,92.42,27.32,47.168,334.3,0 / 23,1560927,2019-08-12 13:45:46:363,-0.0686,-1.3975,10.1991,-0.5249,-0.572,9.7759,-0.0059,-0.0136,-0.0916
29685,46.880924,-1.289,92.42,27.32,47.168,334.3,0 / 23,1560928,2019-08-12 13:45:46:364,-0.0686,-1.3975,10.1991,-0.5249,-0.572,9.7759,-0.0059,-0.0136,-0.0916
29686,46.880924,-1.289,92.42,27.32,47.168,334.3,0 / 23,1560945,2019-08-12 13:45:46:381,-0.0686,-1.3975,10.1991,-0.5249,-0.572,9.7759,-0.0059,-0.0136,-0.0916
29687,46.880924,-1.289,92.42,27.32,47.168,334.3,0 / 23,1560946,2019-08-12 13:45:46:382,-0.0686,-1.3975,10.1991,-0.5249,-0.572,9.7759,-0.0059,-0.0136,-0.0916
29688,46.880924,-1.289,92.42,27.32,47.168,334.3,0 / 23,1560948,2019-08-12 13:45:46:384,-0.0686,-1.3975,10.1991,-0.5249,-0.572,9.7759,-0.0059,-0.0136,-0.0916
29689,46.880924,-1.289,92.42,27.32,47.168,334.3,0 / 23,1560949,2019-08-12 13:45:46:385,-0.0686,-1.3975,10.1991,-0.5249,-0.572,9.7759,-0.0059,-0.0136,-0.0916
29690,46.880924,-1.289,92.42,27.32,47.168,334.3,0 / 23,1560950,2019-08-12 13:45:46:386,-0.0686,-1.3975,10.1991,-0.5249,-0.572,9.7759,-0.0059,-0.0136,-0.0916
29691,46.880924,-1.289,92.42,27.32,47.168,334.3,0 / 23,1560950,2019-08-12 13:45:46:386,-0.0686,-1.3975,10.1991,-0.5249,-0.572,9.7759,-0.0059,-0.0136,-0.0916
29692,46.880924,-1.289,92.42,27.32,47.168,334.3,0 / 23,1560950,2019-08-12 13:45:46:386,-0.0686,-1.3975,10.1991,-0.5249,-0.572,9.7759,-0.0059,-0.0136,-0.0916
29693,46.880924,-1.289,92.42,27.32,47.168,334.3,0 / 23,1560951,2019-08-12 13:45:46:387,-0.0686,-1.3975,10.1991,-0.5249,-0.572,9.7759,-0.0059,-0.0136,-0.0916
29694,46.880924,-1.289,92.42,27.32,47.168,334.3,0 / 23,1560951,2019-08-12 13:45:46:387,-0.0686,-1.3975,10.1991,-0.5249,-0.572,9.7759,-0.0059,-0.0136,-0.0916
29695,46.880924,-1.289,92.42,27.32,47.168,334.3,0 / 23,1560952,2019-08-12 13:45:46:388,-0.0686,-1.3975,10.1991,-0.5249,-0.572,9.7759,-0.0059,-0.0136,-0.0916
29696,46.880924,-1.289,92.42,27.32,47.168,334.3,0 / 23,1560952,2019-08-12 13:45:46:388,-0.0686,-1.3975,10.1991,-0.5249,-0.572,9.7759,-0.0059,-0.0136,-0.0916
29697,46.880924,-1.289,92.42,27.32,47.168,334.3,0 / 23,1560953,2019-08-12 13:45:46:389,-0.0686,-1.3975,10.1991,-0.5249,-0.572,9.7759,-0.0059,-0.0136,-0.0916
29698,46.880924,-1.289,92.42,27.32,47.168,334.3,0 / 23,1560953,2019-08-12 13:45:46:389,-0.0686,-1.3975,10.1991,-0.5249,-0.572,9.7759,-0.0059,-0.0136,-0.0916
29699,46.880924,-1.289,92.42,27.32,47.168,334.3,0 / 23,1560953,2019-08-12 13:45:46:389,-0.0686,-1.3975,10.1991,-0.5249,-0.572,9.7759,-0.0059,-0.0136,-0.0916
29700,46.880924,-1.289,92.42,27.32,47.168,334.3,0 / 23,1560956,2019-08-12 13:45:46:392,-0.0686,-1.3975,10.1991,-0.5249,-0.572,9.7759,-0.0059,-0.0136,-0.0916
29701,46.880924,-1.289,92.42,27.32,47.168,334.3,0 / 23,1560956,2019-08-12 13:45:46:392,-0.0686,-1.3975,10.1991,-0.5249,-0.572,9.7759,-0.0059,-0.0136,-0.0916
29702,46.880924,-1.289,92.42,27.32,47.168,334.3,0 / 23,1560957,2019-08-12 13:45:46:393,-0.0686,-1.3975,10.1991,-0.5249,-0.572,9.7759,-0.0059,-0.0136,-0.0916
29703,46.880924,-1.289,92.42,27.32,47.168,334.3,0 / 23,1560957,2019-08-12 13:45:46:393,-0.0686,-1.3975,10.1991,-0.5249,-0.572,9.7759,-0.0059,-0.0136,-0.0916
29704,46.880924,-1.289,92.42,27.32,47.168,334.3,0 / 23,1560958,2019-08-12 13:45:46:394,-0.0686,-1.3975,10.1991,-0.5249,-0.572,9.7759,-0.0059,-0.0136,-0.0916
29705,46.880924,-1.289,92.42,27.32,47.168,334.3,0 / 23,1560958,2019-08-12 13:45:46:394,-0.0686,-1.3975,10.1991,-0.5249,-0.572,9.7759,-0.0059,-0.0136,-0.0916
29706,46.880924,-1.289,92.42,27.32,47.168,334.3,0 / 23,1560959,2019-08-12 13:45:46:395,-0.0686,-1.3975,10.1991,-0.5249,-0.572,9.7759,-0.0059,-0.0136,-0.0916
29707,46.880924,-1.289,92.42,27.32,47.168,334.3,0 / 23,1560959,2019-08-12 13:45:46:395,-0.0686,-1.3975,10.1991,-0.5249,-0.572,9.7759,-0.0059,-0.0136,-0.0916
29708,46.880924,-1.289,92.42,27.32,47.168,334.3,0 / 23,1560959,2019-08-12 13:45:46:395,-0.0686,-1.3975,10.1991,-0.5249,-0.572,9.7759,-0.0059,-0.0136,-0.0916
29709,46.880924,-1.289,92.42,27.32,47.168,334.3,0 / 23,1560960,2019-08-12 13:45:46:396,-0.0686,-1.3975,10.1991,-0.5249,-0.572,9.7759,-0.0059,-0.0136,-0.0916
29710,46.880924,-1.289,92.42,27.32,47.168,334.3,0 / 23,1560960,2019-08-12 13:45:46:396,-0.0686,-1.3975,10.1991,-0.5249,-0.572,9.7759,-0.0059,-0.0136,-0.0916
29711,46.880924,-1.289,92.42,27.32,47.168,334.3,0 / 23,1560960,2019-08-12 13:45:46:396,-0.0686,-1.3975,10.1991,-0.5249,-0.572,9.7759,-0.0059,-0.0136,-0.0916
29712,46.880924,-1.289,92.42,27.32,47.168,334.3,0 / 23,1560962,2019-08-12 13:45:46:398,-0.0686,-1.3975,10.1991,-0.5249,-0.572,9.7759,-0.0059,-0.0136,-0.0916
29713,46.880924,-1.289,92.42,27.32,47.168,334.3,0 / 23,1560962,2019-08-12 13:45:46:398,-0.0686,-1.3975,10.1991,-0.5249,-0.572,9.7759,-0.0059,-0.0136,-0.0916
29714,46.880924,-1.289,92.42,27.32,47.168,334.3,0 / 23,1560963,2019-08-12 13:45:46:399,-0.0686,-1.3975,10.1991,-0.5249,-0.572,9.7759,-0.0059,-0.0136,-0.0916
29715,46.880924,-1.289,92.42,27.32,47.168,334.3,0 / 23,1560963,2019-08-12 13:45:46:399,-0.0686,-1.3975,10.1991,-0.5249,-0.572,9.7759,-0.0059,-0.0136,-0.0916
29716,46.880924,-1.289,92.42,27.32,47.168,334.3,0 / 23,1560963,2019-08-12 13:45:46:399,-0.0686,-1.3975,10.1991,-0.5249,-0.572,9.7759,-0.0059,-0.0136,-0.0916
29717,46.880924,-1.289,92.42,27.32,47.168,334.3,0 / 23,1560964,2019-08-12 13:45:46:400,-0.0686,-1.3975,10.1991,-0.5249,-0.572,9.7759,-0.0059,-0.0136,-0.0916
29718,46.880924,-1.289,92.42,27.32,47.168,334.3,0 / 23,1561056,2019-08-12 13:45:46:492,-1.0634,0.0618,9.6377,-0.5249,-0.572,9.7759,-0.0016,0.0003,-0.0031
29719,46.880924,-1.289,92.42,27.32,47.168,334.3,0 / 23,1561156,2019-08-12 13:45:46:592,-1.0275,0.039,9.7227,-1.3246,-0.2454,9.7137,0.0048,-0.0019,-0.0031
29720,46.880924,-1.289,92.42,27.32,47.168,334.3,0 / 23,1561548,2019-08-12 13:45:46:984,-1.2083,0.0762,9.846,-1.3297,-0.2357,9.7132,-0.0048,0.0109,-0.0042
29721,46.880924,-1.289,92.42,27.32,47.168,334.3,Sep-23,1561548,2019-08-12 13:45:46:984,-1.2083,0.0762,9.846,-1.3297,-0.2357,9.7132,-0.0048,0.0109,-0.0042
29722,46.880924,-1.289,92.42,27.32,47.168,334.3,Sep-23,1561549,2019-08-12 13:45:46:985,-1.2083,0.0762,9.846,-1.3297,-0.2357,9.7132,-0.0048,0.0109,-0.0042
29723,46.880924,-1.289,92.42,27.32,47.168,334.3,Sep-23,1561549,2019-08-12 13:45:46:985,-1.2083,0.0762,9.846,-1.3297,-0.2357,9.7132,-0.0048,0.0109,-0.0042
29724,46.880924,-1.289,92.42,27.32,47.168,334.3,Sep-23,1561550,2019-08-12 13:45:46:986,-1.2083,0.0762,9.846,-1.3297,-0.2357,9.7132,-0.0048,0.0109,-0.0042
29725,46.880924,-1.289,92.42,27.32,47.168,334.3,Sep-23,1561550,2019-08-12 13:45:46:986,-1.2083,0.0762,9.846,-1.3297,-0.2357,9.7132,-0.0048,0.0109,-0.0042
29726,46.880924,-1.289,92.42,27.32,47.168,334.3,Sep-23,1561551,2019-08-12 13:45:46:987,-1.2083,0.0762,9.846,-1.3297,-0.2357,9.7132,-0.0048,0.0109,-0.0042
29727,46.880924,-1.289,92.42,27.32,47.168,334.3,Sep-23,1561582,2019-08-12 13:45:47:018,-1.2083,0.0762,9.846,-1.3297,-0.2357,9.7132,-0.0048,0.0109,-0.0042
29728,46.880924,-1.289,92.42,27.32,47.168,334.3,Sep-23,1561682,2019-08-12 13:45:47:118,-1.2083,0.0762,9.846,-1.3297,-0.2357,9.7132,-0.0048,0.0109,-0.0042
29729,46.880924,-1.289,92.42,27.32,47.168,334.3,0 / 23,1561993,2019-08-12 13:45:47:429,-1.2083,0.0762,9.846,-1.3297,-0.2357,9.7132,-0.0048,0.0109,-0.0042
29730,46.880924,-1.289,92.42,27.32,47.168,334.3,0 / 23,1561994,2019-08-12 13:45:47:430,-1.2083,0.0762,9.846,-1.3297,-0.2357,9.7132,-0.0048,0.0109,-0.0042
29731,46.880924,-1.289,92.42,27.32,47.168,334.3,0 / 23,1561994,2019-08-12 13:45:47:430,-1.2083,0.0762,9.846,-1.3297,-0.2357,9.7132,-0.0048,0.0109,-0.0042
29732,46.880924,-1.289,92.42,27.32,47.168,334.3,0 / 23,1561995,2019-08-12 13:45:47:431,-1.2083,0.0762,9.846,-1.3297,-0.2357,9.7132,-0.0048,0.0109,-0.0042
29733,46.880924,-1.289,92.42,27.32,47.168,334.3,0 / 23,1561995,2019-08-12 13:45:47:431,-1.2083,0.0762,9.846,-1.3297,-0.2357,9.7132,-0.0048,0.0109,-0.0042
29734,46.880924,-1.289,92.42,27.32,47.168,334.3,0 / 23,1561996,2019-08-12 13:45:47:432,-1.2083,0.0762,9.846,-1.3297,-0.2357,9.7132,-0.0048,0.0109,-0.0042
29735,46.880924,-1.289,92.42,27.32,47.168,334.3,0 / 23,1561996,2019-08-12 13:45:47:432,-1.2083,0.0762,9.846,-1.3297,-0.2357,9.7132,-0.0048,0.0109,-0.0042
29736,46.880924,-1.289,92.42,27.32,47.168,334.3,0 / 23,1561997,2019-08-12 13:45:47:433,-1.2083,0.0762,9.846,-1.3297,-0.2357,9.7132,-0.0048,0.0109,-0.0042
29737,46.880924,-1.289,92.42,27.32,47.168,334.3,0 / 23,1562041,2019-08-12 13:45:47:477,-1.2083,0.0762,9.846,-1.3297,-0.2357,9.7132,-0.0048,0.0109,-0.0042
29738,46.880924,-1.289,92.42,27.32,47.168,334.3,0 / 23,1562141,2019-08-12 13:45:47:577,-1.2083,0.0762,9.846,-1.3297,-0.2357,9.7132,-0.0048,0.0109,-0.0042
29739,46.880924,-1.289,92.42,27.32,47.168,334.3,0 / 23,1562240,2019-08-12 13:45:47:676,-1.2083,0.0762,9.846,-1.3297,-0.2357,9.7132,-0.0048,0.0109,-0.0042
29740,46.880924,-1.289,92.42,27.32,47.168,334.3,0 / 23,1562340,2019-08-12 13:45:47:776,-1.2083,0.0762,9.846,-1.3297,-0.2357,9.7132,-0.0048,0.0109,-0.0042
29741,46.880924,-1.289,92.42,27.32,47.168,334.3,0 / 23,1562441,2019-08-12 13:45:47:877,-1.2908,-0.0567,9.9968,-1.3844,-0.2293,9.7057,-0.009,0.0088,-0.0042
29742,46.880924,-1.289,92.42,27.32,47.168,334.3,0 / 23,1562541,2019-08-12 13:45:47:977,-1.243,0.0606,10.0842,-1.3677,-0.1937,9.7089,0.0048,-0.0061,0.0001
29743,46.880924,-1.289,92.42,27.32,47.168,334.3,0 / 23,1562641,2019-08-12 13:45:48:077,-1.061,-0.0256,10.1848,-1.376,-0.1726,9.7081,-0.0027,0.0035,-0.0021
29744,46.880924,-1.289,92.42,27.32,47.168,334.3,0 / 23,1562741,2019-08-12 13:45:48:177,-1.1137,-0.119,10.1393,-1.3757,-0.1898,9.7078,0.0027,0.013,-0.0031
29745,46.880924,-1.289,92.42,27.32,47.168,334.3,0 / 23,1562840,2019-08-12 13:45:48:276,-1.3459,-0.0651,10.0148,-1.3861,-0.1827,9.7065,0.0016,0.0024,-0.0021
29746,46.880924,-1.289,92.42,27.32,47.168,334.3,0 / 23,1562940,2019-08-12 13:45:48:376,-1.4764,-0.131,10.0543,-1.3843,-0.1786,9.7068,-0.0037,-0.0115,-0.0031
29747,46.880924,-1.289,92.42,27.32,47.168,334.3,0 / 23,1563041,2019-08-12 13:45:48:477,-1.5973,-0.2806,9.7191,-1.3818,-0.1872,9.707,-0.008,-0.0125,-0.001
29748,46.880924,-1.289,92.42,27.32,47.168,334.3,0 / 23,1563141,2019-08-12 13:45:48:577,-1.4692,-0.2004,9.6844,-1.3942,-0.1941,9.7051,-0.0037,0.0194,0.0001
29749,46.880924,-1.289,92.42,27.32,47.168,334.3,0 / 23,1563240,2019-08-12 13:45:48:676,-1.4106,-0.3273,9.524,-1.4052,-0.1914,9.7036,-0.0037,0.013,0.0011
29750,46.880924,-1.289,92.42,27.32,47.168,334.3,0 / 23,1563341,2019-08-12 13:45:48:777,-1.5518,-0.2614,9.1553,-1.4019,-0.1831,9.7042,-0.0005,-0.0093,0.0011
29751,46.880924,-1.289,92.42,27.32,47.168,334.3,0 / 23,1563441,2019-08-12 13:45:48:877,-1.4955,-0.1968,9.5671,-1.3968,-0.1774,9.705,0.0016,0.0013,0.0001
29752,46.880924,-1.289,92.42,27.32,47.168,334.3,0 / 23,1563540,2019-08-12 13:45:48:976,-1.4082,-0.3632,9.5108,-1.3967,-0.1776,9.7051,-0.0016,0.0013,-0.0021
29753,46.880924,-1.289,92.42,27.32,47.168,334.3,0 / 23,1563640,2019-08-12 13:45:49:076,-1.2358,-0.2231,9.6245,-1.3893,-0.1788,9.7061,0.0027,-0.0029,-0.0031
29754,46.880924,-1.289,92.42,27.32,47.168,334.3,0 / 23,1563741,2019-08-12 13:45:49:177,-1.371,-0.0783,9.7418,-1.3921,-0.1827,9.7056,-0.0059,0.0045,-0.0042
29755,46.880924,-1.289,92.42,27.32,47.168,334.3,0 / 23,1563841,2019-08-12 13:45:49:277,-1.219,-0.1226,9.3935,-1.3988,-0.1805,9.7047,0.0165,0.0099,0.0022
29756,46.880924,-1.289,92.42,27.32,47.168,334.3,0 / 23,1563940,2019-08-12 13:45:49:376,-1.2334,-0.0555,9.9896,-1.4077,-0.1784,9.7035,0.0037,0.0184,0.0011
29757,46.88569,-1.292461,103.64,33.06,28.944,333.6,0 / 23,1564041,2019-08-12 13:45:49:477,-1.3615,-0.2507,10.1165,-1.4043,-0.1817,9.7039,0.0091,-0.0136,-0.001
29758,46.88569,-1.292461,103.64,33.06,28.944,333.6,0 / 23,1564140,2019-08-12 13:45:49:576,-1.4572,-0.046,10.4194,-1.3959,-0.1719,9.7053,0.0069,-0.0146,-0.001
29759,46.88569,-1.292461,103.64,33.06,28.944,333.6,0 / 23,1564240,2019-08-12 13:45:49:676,-1.6679,-0.0974,10.1117,-1.4007,-0.1563,9.7048,0.0048,-0.0051,-0.001
29760,46.88569,-1.292461,103.64,33.06,28.944,333.6,0 / 23,1564671,2019-08-12 13:45:50:107,-1.6212,-0.2531,9.8747,-1.4087,-0.1506,9.7038,-0.0016,-0.0083,-0.0021
29761,46.88569,-1.292461,103.64,33.06,28.944,333.6,0 / 23,1564671,2019-08-12 13:45:50:107,-1.6212,-0.2531,9.8747,-1.4087,-0.1506,9.7038,-0.0016,-0.0083,-0.0021
29762,46.88569,-1.292461,103.64,33.06,28.944,333.6,0 / 23,1564672,2019-08-12 13:45:50:108,-1.6212,-0.2531,9.8747,-1.4087,-0.1506,9.7038,-0.0016,-0.0083,-0.0021
29763,46.88569,-1.292461,103.64,33.06,28.944,333.6,0 / 23,1564672,2019-08-12 13:45:50:108,-1.6212,-0.2531,9.8747,-1.4087,-0.1506,9.7038,-0.0016,-0.0083,-0.0021
29764,46.88569,-1.292461,103.64,33.06,28.944,333.6,0 / 23,1564673,2019-08-12 13:45:50:109,-1.6212,-0.2531,9.8747,-1.4087,-0.1506,9.7038,-0.0016,-0.0083,-0.0021
29765,46.88569,-1.292461,103.64,33.06,28.944,333.6,0 / 23,1564673,2019-08-12 13:45:50:109,-1.6212,-0.2531,9.8747,-1.4087,-0.1506,9.7038,-0.0016,-0.0083,-0.0021
29766,46.88569,-1.292461,103.64,33.06,28.944,333.6,0 / 23,1564673,2019-08-12 13:45:50:109,-1.6212,-0.2531,9.8747,-1.4087,-0.1506,9.7038,-0.0016,-0.0083,-0.0021
29767,46.88569,-1.292461,103.64,33.06,28.944,333.6,0 / 23,1564674,2019-08-12 13:45:50:110,-1.6212,-0.2531,9.8747,-1.4087,-0.1506,9.7038,-0.0016,-0.0083,-0.0021
29768,46.88569,-1.292461,103.64,33.06,28.944,333.6,0 / 23,1564674,2019-08-12 13:45:50:110,-1.6212,-0.2531,9.8747,-1.4087,-0.1506,9.7038,-0.0016,-0.0083,-0.0021
29769,46.88569,-1.292461,103.64,33.06,28.944,333.6,0 / 23,1564675,2019-08-12 13:45:50:111,-1.6212,-0.2531,9.8747,-1.4087,-0.1506,9.7038,-0.0016,-0.0083,-0.0021
29770,46.88569,-1.292461,103.64,33.06,28.944,333.6,0 / 23,1564676,2019-08-12 13:45:50:112,-1.6212,-0.2531,9.8747,-1.4087,-0.1506,9.7038,-0.0016,-0.0083,-0.0021
29771,46.88569,-1.292461,103.64,33.06,28.944,333.6,0 / 23,1564676,2019-08-12 13:45:50:112,-1.6212,-0.2531,9.8747,-1.4087,-0.1506,9.7038,-0.0016,-0.0083,-0.0021
29772,46.88569,-1.292461,103.64,33.06,28.944,333.6,0 / 23,1564676,2019-08-12 13:45:50:112,-1.6212,-0.2531,9.8747,-1.4087,-0.1506,9.7038,-0.0016,-0.0083,-0.0021
29773,46.88569,-1.292461,103.64,33.06,28.944,333.6,0 / 23,1564677,2019-08-12 13:45:50:113,-1.6212,-0.2531,9.8747,-1.4087,-0.1506,9.7038,-0.0016,-0.0083,-0.0021
29774,46.88569,-1.292461,103.64,33.06,28.944,333.6,0 / 23,1564677,2019-08-12 13:45:50:113,-1.6212,-0.2531,9.8747,-1.4087,-0.1506,9.7038,-0.0016,-0.0083,-0.0021
29775,46.88569,-1.292461,103.64,33.06,28.944,333.6,0 / 23,1564677,2019-08-12 13:45:50:113,-1.6212,-0.2531,9.8747,-1.4087,-0.1506,9.7038,-0.0016,-0.0083,-0.0021
29776,46.88569,-1.292461,103.64,33.06,28.944,333.6,0 / 23,1564678,2019-08-12 13:45:50:114,-1.6212,-0.2531,9.8747,-1.4087,-0.1506,9.7038,-0.0016,-0.0083,-0.0021
29777,46.88569,-1.292461,103.64,33.06,28.944,333.6,0 / 23,1564678,2019-08-12 13:45:50:114,-1.6212,-0.2531,9.8747,-1.4087,-0.1506,9.7038,-0.0016,-0.0083,-0.0021
29778,46.88569,-1.292461,103.64,33.06,28.944,333.6,0 / 23,1564678,2019-08-12 13:45:50:114,-1.6212,-0.2531,9.8747,-1.4087,-0.1506,9.7038,-0.0016,-0.0083,-0.0021
29779,46.88569,-1.292461,103.64,33.06,28.944,333.6,0 / 23,1564679,2019-08-12 13:45:50:115,-1.6212,-0.2531,9.8747,-1.4087,-0.1506,9.7038,-0.0016,-0.0083,-0.0021
29780,46.88569,-1.292461,103.64,33.06,28.944,333.6,0 / 23,1564679,2019-08-12 13:45:50:115,-1.6212,-0.2531,9.8747,-1.4087,-0.1506,9.7038,-0.0016,-0.0083,-0.0021
29781,46.88569,-1.292461,103.64,33.06,28.944,333.6,0 / 23,1564679,2019-08-12 13:45:50:115,-1.6212,-0.2531,9.8747,-1.4087,-0.1506,9.7038,-0.0016,-0.0083,-0.0021
29782,46.88569,-1.292461,103.64,33.06,28.944,333.6,0 / 23,1564680,2019-08-12 13:45:50:116,-1.6212,-0.2531,9.8747,-1.4087,-0.1506,9.7038,-0.0016,-0.0083,-0.0021
29783,46.88569,-1.292461,103.64,33.06,28.944,333.6,0 / 23,1564682,2019-08-12 13:45:50:118,-1.6212,-0.2531,9.8747,-1.4087,-0.1506,9.7038,-0.0016,-0.0083,-0.0021
29784,46.88569,-1.292461,103.64,33.06,28.944,333.6,0 / 23,1564683,2019-08-12 13:45:50:119,-1.6212,-0.2531,9.8747,-1.4087,-0.1506,9.7038,-0.0016,-0.0083,-0.0021
29785,46.88569,-1.292461,103.64,33.06,28.944,333.6,0 / 23,1564683,2019-08-12 13:45:50:119,-1.6212,-0.2531,9.8747,-1.4087,-0.1506,9.7038,-0.0016,-0.0083,-0.0021
29786,46.88569,-1.292461,103.64,33.06,28.944,333.6,0 / 23,1564684,2019-08-12 13:45:50:120,-1.6212,-0.2531,9.8747,-1.4087,-0.1506,9.7038,-0.0016,-0.0083,-0.0021
29787,46.88569,-1.292461,103.64,33.06,28.944,333.6,0 / 23,1564685,2019-08-12 13:45:50:121,-1.6212,-0.2531,9.8747,-1.4087,-0.1506,9.7038,-0.0016,-0.0083,-0.0021
29788,46.88569,-1.292461,103.64,33.06,28.944,333.6,0 / 23,1564685,2019-08-12 13:45:50:121,-1.6212,-0.2531,9.8747,-1.4087,-0.1506,9.7038,-0.0016,-0.0083,-0.0021
29789,46.88569,-1.292461,103.64,33.06,28.944,333.6,0 / 23,1564686,2019-08-12 13:45:50:122,-1.6212,-0.2531,9.8747,-1.4087,-0.1506,9.7038,-0.0016,-0.0083,-0.0021
29790,46.88569,-1.292461,103.64,33.06,28.944,333.6,0 / 23,1564687,2019-08-12 13:45:50:123,-1.6212,-0.2531,9.8747,-1.4087,-0.1506,9.7038,-0.0016,-0.0083,-0.0021
29791,46.88569,-1.292461,103.64,33.06,28.944,333.6,0 / 23,1564687,2019-08-12 13:45:50:123,-1.6212,-0.2531,9.8747,-1.4087,-0.1506,9.7038,-0.0016,-0.0083,-0.0021
29792,46.88569,-1.292461,103.64,33.06,28.944,333.6,0 / 23,1564688,2019-08-12 13:45:50:124,-1.6212,-0.2531,9.8747,-1.4087,-0.1506,9.7038,-0.0016,-0.0083,-0.0021
29793,46.88569,-1.292461,103.64,33.06,28.944,333.6,0 / 23,1564688,2019-08-12 13:45:50:124,-1.6212,-0.2531,9.8747,-1.4087,-0.1506,9.7038,-0.0016,-0.0083,-0.0021
29794,46.88569,-1.292461,103.64,33.06,28.944,333.6,0 / 23,1564689,2019-08-12 13:45:50:125,-1.6212,-0.2531,9.8747,-1.4087,-0.1506,9.7038,-0.0016,-0.0083,-0.0021
29795,46.88569,-1.292461,103.64,33.06,28.944,333.6,0 / 23,1564690,2019-08-12 13:45:50:126,-1.6212,-0.2531,9.8747,-1.4087,-0.1506,9.7038,-0.0016,-0.0083,-0.0021
29796,46.88569,-1.292461,103.64,33.06,28.944,333.6,0 / 23,1564690,2019-08-12 13:45:50:126,-1.6212,-0.2531,9.8747,-1.4087,-0.1506,9.7038,-0.0016,-0.0083,-0.0021
29797,46.88569,-1.292461,103.64,33.06,28.944,333.6,0 / 23,1564691,2019-08-12 13:45:50:127,-1.6212,-0.2531,9.8747,-1.4087,-0.1506,9.7038,-0.0016,-0.0083,-0.0021
29798,46.88569,-1.292461,103.64,33.06,28.944,333.6,0 / 23,1564691,2019-08-12 13:45:50:127,-1.6212,-0.2531,9.8747,-1.4087,-0.1506,9.7038,-0.0016,-0.0083,-0.0021
29799,46.88569,-1.292461,103.64,33.06,28.944,333.6,0 / 23,1564691,2019-08-12 13:45:50:127,-1.6212,-0.2531,9.8747,-1.4087,-0.1506,9.7038,-0.0016,-0.0083,-0.0021
29800,46.88569,-1.292461,103.64,33.06,28.944,333.6,0 / 23,1564694,2019-08-12 13:45:50:130,-1.6212,-0.2531,9.8747,-1.4087,-0.1506,9.7038,-0.0016,-0.0083,-0.0021
29801,46.88569,-1.292461,103.64,33.06,28.944,333.6,0 / 23,1564695,2019-08-12 13:45:50:131,-1.6212,-0.2531,9.8747,-1.4087,-0.1506,9.7038,-0.0016,-0.0083,-0.0021
29802,46.88569,-1.292461,103.64,33.06,28.944,333.6,0 / 23,1564696,2019-08-12 13:45:50:132,-1.6212,-0.2531,9.8747,-1.4087,-0.1506,9.7038,-0.0016,-0.0083,-0.0021
29803,46.88569,-1.292461,103.64,33.06,28.944,333.6,0 / 23,1564697,2019-08-12 13:45:50:133,-1.6212,-0.2531,9.8747,-1.4087,-0.1506,9.7038,-0.0016,-0.0083,-0.0021
29804,46.88569,-1.292461,103.64,33.06,28.944,333.6,0 / 23,1564697,2019-08-12 13:45:50:133,-1.6212,-0.2531,9.8747,-1.4087,-0.1506,9.7038,-0.0016,-0.0083,-0.0021
29805,46.88569,-1.292461,103.64,33.06,28.944,333.6,0 / 23,1564698,2019-08-12 13:45:50:134,-1.6212,-0.2531,9.8747,-1.4087,-0.1506,9.7038,-0.0016,-0.0083,-0.0021
29806,46.88569,-1.292461,103.64,33.06,28.944,333.6,0 / 23,1564698,2019-08-12 13:45:50:134,-1.6212,-0.2531,9.8747,-1.4087,-0.1506,9.7038,-0.0016,-0.0083,-0.0021
29807,46.88569,-1.292461,103.64,33.06,28.944,333.6,0 / 23,1564707,2019-08-12 13:45:50:143,-1.6212,-0.2531,9.8747,-1.4087,-0.1506,9.7038,-0.0016,-0.0083,-0.0021
29808,46.88569,-1.292461,103.64,33.06,28.944,333.6,0 / 23,1564807,2019-08-12 13:45:50:243,-1.6212,-0.2531,9.8747,-1.4087,-0.1506,9.7038,-0.0016,-0.0083,-0.0021
29809,46.88569,-1.292461,103.64,33.06,28.944,333.6,0 / 23,1565136,2019-08-12 13:45:50:572,-1.6212,-0.2531,9.8747,-1.4087,-0.1506,9.7038,-0.0016,-0.0083,-0.0021
29810,46.88569,-1.292461,103.64,33.06,28.944,333.6,Oct-23,1565137,2019-08-12 13:45:50:573,-1.6212,-0.2531,9.8747,-1.4087,-0.1506,9.7038,-0.0016,-0.0083,-0.0021
29811,46.88569,-1.292461,103.64,33.06,28.944,333.6,Oct-23,1565138,2019-08-12 13:45:50:574,-1.6212,-0.2531,9.8747,-1.4087,-0.1506,9.7038,-0.0016,-0.0083,-0.0021
29812,46.88569,-1.292461,103.64,33.06,28.944,333.6,Oct-23,1565139,2019-08-12 13:45:50:575,-1.6212,-0.2531,9.8747,-1.4087,-0.1506,9.7038,-0.0016,-0.0083,-0.0021
29813,46.88569,-1.292461,103.64,33.06,28.944,333.6,Oct-23,1565140,2019-08-12 13:45:50:576,-1.6212,-0.2531,9.8747,-1.4087,-0.1506,9.7038,-0.0016,-0.0083,-0.0021
29814,46.88569,-1.292461,103.64,33.06,28.944,333.6,Oct-23,1565141,2019-08-12 13:45:50:577,-1.6212,-0.2531,9.8747,-1.4087,-0.1506,9.7038,-0.0016,-0.0083,-0.0021
29815,46.88569,-1.292461,103.64,33.06,28.944,333.6,Oct-23,1565142,2019-08-12 13:45:50:578,-1.6212,-0.2531,9.8747,-1.4087,-0.1506,9.7038,-0.0016,-0.0083,-0.0021
29816,46.88569,-1.292461,103.64,33.06,28.944,333.6,Oct-23,1565143,2019-08-12 13:45:50:579,-1.6212,-0.2531,9.8747,-1.4087,-0.1506,9.7038,-0.0016,-0.0083,-0.0021
29817,46.88569,-1.292461,103.64,33.06,28.944,333.6,Oct-23,1565179,2019-08-12 13:45:50:615,-1.6212,-0.2531,9.8747,-1.4087,-0.1506,9.7038,-0.0016,-0.0083,-0.0021
29818,46.88569,-1.292461,103.64,33.06,28.944,333.6,Oct-23,1565279,2019-08-12 13:45:50:715,-1.6212,-0.2531,9.8747,-1.4087,-0.1506,9.7038,-0.0016,-0.0083,-0.0021
29819,46.88569,-1.292461,103.64,33.06,28.944,333.6,0 / 23,1565589,2019-08-12 13:45:51:025,-1.6212,-0.2531,9.8747,-1.4087,-0.1506,9.7038,-0.0016,-0.0083,-0.0021
29820,46.88569,-1.292461,103.64,33.06,28.944,333.6,0 / 23,1565589,2019-08-12 13:45:51:025,-1.6212,-0.2531,9.8747,-1.4087,-0.1506,9.7038,-0.0016,-0.0083,-0.0021
29821,46.88569,-1.292461,103.64,33.06,28.944,333.6,0 / 23,1565590,2019-08-12 13:45:51:026,-1.6212,-0.2531,9.8747,-1.4087,-0.1506,9.7038,-0.0016,-0.0083,-0.0021
29822,46.88569,-1.292461,103.64,33.06,28.944,333.6,0 / 23,1565590,2019-08-12 13:45:51:026,-1.6212,-0.2531,9.8747,-1.4087,-0.1506,9.7038,-0.0016,-0.0083,-0.0021
29823,46.88569,-1.292461,103.64,33.06,28.944,333.6,0 / 23,1565591,2019-08-12 13:45:51:027,-1.6212,-0.2531,9.8747,-1.4087,-0.1506,9.7038,-0.0016,-0.0083,-0.0021
29824,46.88569,-1.292461,103.64,33.06,28.944,333.6,0 / 23,1565592,2019-08-12 13:45:51:028,-1.6212,-0.2531,9.8747,-1.4087,-0.1506,9.7038,-0.0016,-0.0083,-0.0021
29825,46.88569,-1.292461,103.64,33.06,28.944,333.6,0 / 23,1565592,2019-08-12 13:45:51:028,-1.6212,-0.2531,9.8747,-1.4087,-0.1506,9.7038,-0.0016,-0.0083,-0.0021
29826,46.88569,-1.292461,103.64,33.06,28.944,333.6,0 / 23,1565592,2019-08-12 13:45:51:028,-1.6212,-0.2531,9.8747,-1.4087,-0.1506,9.7038,-0.0016,-0.0083,-0.0021
29827,46.88569,-1.292461,103.64,33.06,28.944,333.6,0 / 23,1565633,2019-08-12 13:45:51:069,-1.6212,-0.2531,9.8747,-1.4087,-0.1506,9.7038,-0.0016,-0.0083,-0.0021
29828,46.88569,-1.292461,103.64,33.06,28.944,333.6,0 / 23,1565733,2019-08-12 13:45:51:169,-1.6212,-0.2531,9.8747,-1.4087,-0.1506,9.7038,-0.0016,-0.0083,-0.0021
29829,46.88569,-1.292461,103.64,33.06,28.944,333.6,0 / 23,1566058,2019-08-12 13:45:51:494,-1.6212,-0.2531,9.8747,-1.4087,-0.1506,9.7038,-0.0016,-0.0083,-0.0021
29830,46.88569,-1.292461,103.64,33.06,28.944,333.6,0 / 23,1566059,2019-08-12 13:45:51:495,-1.6212,-0.2531,9.8747,-1.4087,-0.1506,9.7038,-0.0016,-0.0083,-0.0021
29831,46.88569,-1.292461,103.64,33.06,28.944,333.6,0 / 23,1566059,2019-08-12 13:45:51:495,-1.6212,-0.2531,9.8747,-1.4087,-0.1506,9.7038,-0.0016,-0.0083,-0.0021
29832,46.88569,-1.292461,103.64,33.06,28.944,333.6,0 / 23,1566060,2019-08-12 13:45:51:496,-1.6212,-0.2531,9.8747,-1.4087,-0.1506,9.7038,-0.0016,-0.0083,-0.0021
29833,46.88569,-1.292461,103.64,33.06,28.944,333.6,0 / 23,1566063,2019-08-12 13:45:51:499,-1.6212,-0.2531,9.8747,-1.4087,-0.1506,9.7038,-0.0016,-0.0083,-0.0021
29834,46.88569,-1.292461,103.64,33.06,28.944,333.6,0 / 23,1566064,2019-08-12 13:45:51:500,-1.6212,-0.2531,9.8747,-1.4087,-0.1506,9.7038,-0.0016,-0.0083,-0.0021
29835,46.88569,-1.292461,103.64,33.06,28.944,333.6,0 / 23,1566065,2019-08-12 13:45:51:501,-1.6212,-0.2531,9.8747,-1.4087,-0.1506,9.7038,-0.0016,-0.0083,-0.0021
29836,46.88569,-1.292461,103.64,33.06,28.944,333.6,0 / 23,1566065,2019-08-12 13:45:51:501,-1.6212,-0.2531,9.8747,-1.4087,-0.1506,9.7038,-0.0016,-0.0083,-0.0021
29837,46.88569,-1.292461,103.64,33.06,28.944,333.6,0 / 23,1566091,2019-08-12 13:45:51:527,-1.6212,-0.2531,9.8747,-1.4087,-0.1506,9.7038,-0.0016,-0.0083,-0.0021
29838,46.88569,-1.292461,103.64,33.06,28.944,333.6,0 / 23,1566191,2019-08-12 13:45:51:627,-1.6212,-0.2531,9.8747,-1.4087,-0.1506,9.7038,-0.0016,-0.0083,-0.0021
29839,46.88569,-1.292461,103.64,33.06,28.944,333.6,0 / 23,1566548,2019-08-12 13:45:51:984,-1.6212,-0.2531,9.8747,-1.4087,-0.1506,9.7038,-0.0016,-0.0083,-0.0021
29840,46.88569,-1.292461,103.64,33.06,28.944,333.6,0 / 23,1566548,2019-08-12 13:45:51:984,-1.6212,-0.2531,9.8747,-1.4087,-0.1506,9.7038,-0.0016,-0.0083,-0.0021
29841,46.88569,-1.292461,103.64,33.06,28.944,333.6,0 / 23,1566549,2019-08-12 13:45:51:985,-1.6212,-0.2531,9.8747,-1.4087,-0.1506,9.7038,-0.0016,-0.0083,-0.0021
29842,46.88569,-1.292461,103.64,33.06,28.944,333.6,0 / 23,1566549,2019-08-12 13:45:51:985,-1.6212,-0.2531,9.8747,-1.4087,-0.1506,9.7038,-0.0016,-0.0083,-0.0021
29843,46.88569,-1.292461,103.64,33.06,28.944,333.6,0 / 23,1566549,2019-08-12 13:45:51:985,-1.6212,-0.2531,9.8747,-1.4087,-0.1506,9.7038,-0.0016,-0.0083,-0.0021
29844,46.88569,-1.292461,103.64,33.06,28.944,333.6,0 / 23,1566550,2019-08-12 13:45:51:986,-1.6212,-0.2531,9.8747,-1.4087,-0.1506,9.7038,-0.0016,-0.0083,-0.0021
29845,46.88569,-1.292461,103.64,33.06,28.944,333.6,0 / 23,1566550,2019-08-12 13:45:51:986,-1.6212,-0.2531,9.8747,-1.4087,-0.1506,9.7038,-0.0016,-0.0083,-0.0021
